

KMO_TEST:

KMO_METRIC: 0.702963297282004
The KMO test yields a GOOD degree of common variance.

BARTLETT_SPHERICITY_TEST:


	Bartlett's test of sphericity

data:  InputData
X-squared = 29239, df = 5050, p-value < 2.2e-16



FACTOR_ANALYSIS_RESULTS:

Principal Components Analysis
Call: principal(r = InputData, nfactors = NumberOfFactors, residuals = FALSE, 
    rotate = "varimax", method = "regression")
Standardized loadings (pattern matrix) based upon correlation matrix
               RC2   RC1   RC3   RC4   RC5    h2   u2 com
place        -0.09  0.08  0.19  0.03  0.07 0.054 0.95 2.2
relieve       0.05  0.05  0.08  0.13  0.11 0.039 0.96 3.5
frustrate     0.02 -0.06  0.23  0.15 -0.16 0.106 0.89 2.8
long          0.01  0.13  0.15  0.11  0.10 0.060 0.94 3.7
happy        -0.08  0.18  0.19 -0.02  0.35 0.195 0.80 2.3
work         -0.06  0.08  0.23  0.42 -0.09 0.247 0.75 1.8
email        -0.01 -0.01  0.18  0.02 -0.08 0.038 0.96 1.5
lunch        -0.12  0.42 -0.01  0.00  0.10 0.199 0.80 1.3
class         0.62  0.10 -0.08 -0.05  0.10 0.412 0.59 1.1
call         -0.07 -0.06  0.28  0.08  0.14 0.111 0.89 1.9
question      0.32 -0.06  0.22  0.04 -0.07 0.161 0.84 2.0
move          0.06  0.01  0.25  0.00  0.04 0.068 0.93 1.2
answer        0.20 -0.04  0.26 -0.03 -0.01 0.111 0.89 1.9
discuss       0.06 -0.06  0.25 -0.02  0.05 0.069 0.93 1.3
study         0.27  0.19 -0.01  0.23 -0.06 0.167 0.83 2.9
enjoy         0.05  0.14  0.03 -0.06  0.29 0.113 0.89 1.6
thought       0.04  0.04  0.19  0.13  0.05 0.059 0.94 2.1
learn         0.25 -0.04  0.04  0.01 -0.02 0.064 0.94 1.1
prepare       0.20  0.21  0.00  0.11 -0.05 0.099 0.90 2.6
plan         -0.05  0.11  0.25  0.09  0.08 0.091 0.91 2.1
complete     -0.05 -0.01  0.15  0.43  0.06 0.218 0.78 1.3
train        -0.10  0.09  0.25 -0.02 -0.13 0.096 0.90 2.3
day           0.08  0.28  0.21  0.25  0.12 0.205 0.80 3.4
start         0.14  0.18  0.19  0.22  0.16 0.158 0.84 4.5
conversation -0.05  0.01  0.30 -0.08  0.13 0.115 0.89 1.6
friend        0.02  0.14  0.22 -0.02  0.27 0.138 0.86 2.5
weekend       0.05  0.14  0.14  0.03  0.13 0.059 0.94 3.4
excite        0.00  0.16  0.15 -0.10  0.21 0.101 0.90 3.2
watch        -0.08 -0.09 -0.19  0.06  0.58 0.383 0.62 1.3
job          -0.05 -0.06  0.25  0.11 -0.03 0.080 0.92 1.6
nervous       0.26  0.05  0.07  0.05 -0.03 0.076 0.92 1.3
show          0.01 -0.03  0.04  0.03  0.36 0.132 0.87 1.1
stress        0.17  0.12  0.04  0.18 -0.05 0.082 0.92 3.0
meet         -0.03  0.09  0.35  0.01 -0.01 0.130 0.87 1.2
left          0.01  0.20  0.14  0.04 -0.02 0.064 0.94 1.9
student       0.13 -0.01  0.23  0.08 -0.08 0.082 0.92 2.0
read          0.15 -0.02  0.06  0.03  0.06 0.031 0.97 1.9
due           0.08  0.03  0.06  0.34  0.01 0.129 0.87 1.2
office        0.00  0.02  0.29 -0.01 -0.08 0.092 0.91 1.2
breakfast    -0.08  0.45 -0.12  0.04  0.04 0.222 0.78 1.2
leave         0.02  0.16  0.15 -0.01  0.00 0.048 0.95 2.0
paper         0.05 -0.06  0.09  0.15 -0.06 0.040 0.96 2.7
today         0.09  0.21  0.17  0.20 -0.02 0.123 0.88 3.3
lab          -0.04  0.23  0.24  0.12 -0.12 0.139 0.86 3.0
phone        -0.02 -0.04  0.19 -0.04  0.21 0.087 0.91 2.2
close         0.04  0.09  0.16  0.00  0.08 0.042 0.96 2.3
room          0.05  0.13 -0.02 -0.02  0.23 0.074 0.93 1.7
break.        0.04  0.18  0.01  0.03  0.16 0.057 0.94 2.1
eat          -0.11  0.60 -0.15 -0.06  0.11 0.413 0.59 1.3
decide       -0.05  0.18  0.05  0.13  0.20 0.098 0.90 3.0
project      -0.10 -0.14  0.14  0.28  0.00 0.129 0.87 2.3
morning       0.05  0.36  0.07  0.14  0.00 0.154 0.85 1.4
told          0.00  0.05  0.38 -0.07  0.07 0.160 0.84 1.2
people        0.03  0.08  0.28  0.07  0.08 0.097 0.90 1.5
continue      0.02 -0.07  0.07  0.11  0.20 0.063 0.94 2.2
week          0.17  0.13  0.23  0.11  0.06 0.113 0.89 3.1
annoy         0.02 -0.02  0.27  0.01 -0.11 0.088 0.91 1.3
note          0.42  0.01 -0.06  0.00 -0.02 0.177 0.82 1.0
wait         -0.03  0.24  0.16 -0.06 -0.01 0.087 0.91 1.9
alone        -0.09  0.05 -0.10  0.43  0.11 0.217 0.78 1.4
hour          0.17  0.18  0.13  0.07  0.02 0.082 0.92 3.2
interest      0.17 -0.09  0.14  0.01  0.14 0.077 0.92 3.4
focus         0.14  0.00 -0.02  0.24 -0.01 0.080 0.92 1.6
early         0.10  0.27  0.07  0.11  0.03 0.100 0.90 1.9
worry         0.11  0.06  0.08  0.15 -0.03 0.046 0.95 3.0
minute        0.15  0.13  0.14  0.04  0.05 0.064 0.94 3.3
mind         -0.05 -0.07  0.03  0.38  0.08 0.158 0.84 1.2
talk          0.07  0.04  0.34 -0.17  0.23 0.202 0.80 2.5
realize       0.09  0.09  0.16  0.11 -0.01 0.054 0.95 3.2
ready         0.08  0.21  0.01  0.05  0.00 0.054 0.95 1.4
quick         0.10  0.15  0.11  0.01 -0.05 0.049 0.95 2.9
play         -0.01 -0.07  0.04  0.02  0.35 0.133 0.87 1.1
end           0.15  0.10  0.16  0.04  0.05 0.063 0.94 3.1
text          0.05  0.06  0.14 -0.07  0.16 0.056 0.94 2.9
nice          0.03  0.19  0.17 -0.09  0.15 0.098 0.90 3.5
write         0.19 -0.06  0.08  0.11 -0.08 0.063 0.94 2.7
tire          0.09  0.12 -0.16  0.18  0.02 0.078 0.92 3.3
finish        0.04  0.21 -0.05  0.29  0.13 0.151 0.85 2.4
walk          0.03  0.26  0.13 -0.08 -0.02 0.091 0.91 1.7
group         0.05 -0.04  0.19  0.00  0.08 0.048 0.95 1.6
emotion      -0.01 -0.08 -0.01  0.25  0.21 0.118 0.88 2.2
problem       0.16 -0.06  0.04  0.23 -0.09 0.089 0.91 2.4
hard          0.19  0.03  0.04  0.17  0.03 0.071 0.93 2.2
mood          0.09  0.11  0.08  0.02  0.10 0.036 0.96 3.9
night         0.10  0.15  0.06  0.23  0.07 0.095 0.91 2.5
lecture       0.52  0.00 -0.06 -0.03  0.02 0.280 0.72 1.0
video        -0.04 -0.12 -0.13  0.07  0.44 0.227 0.77 1.4
listen        0.23 -0.03  0.00 -0.06  0.08 0.062 0.94 1.4
calm          0.03  0.03 -0.07  0.18  0.18 0.070 0.93 2.4
bore          0.15 -0.11 -0.07  0.05  0.15 0.065 0.93 3.5
sleep         0.05  0.13 -0.10  0.33 -0.02 0.138 0.86 1.5
material      0.49  0.04 -0.09  0.05 -0.08 0.261 0.74 1.2
food         -0.10  0.50 -0.09 -0.06  0.03 0.275 0.73 1.2
professor     0.64 -0.05  0.01 -0.07  0.03 0.415 0.59 1.0
hungry       -0.10  0.51 -0.17  0.09 -0.03 0.310 0.69 1.4
relax        -0.01  0.16 -0.19  0.14  0.42 0.257 0.74 2.0
homework      0.10  0.05 -0.06  0.22  0.06 0.066 0.93 1.9
roommate     -0.08  0.06  0.06 -0.03  0.23 0.068 0.93 1.6
library      -0.09  0.02 -0.04  0.48 -0.07 0.241 0.76 1.1
exam          0.41  0.12 -0.10  0.06 -0.04 0.195 0.81 1.4
assignment   -0.03  0.03 -0.03  0.43 -0.04 0.192 0.81 1.0

                       RC2  RC1  RC3  RC4  RC5
SS loadings           2.74 2.72 2.57 2.55 2.17
Proportion Var        0.03 0.03 0.03 0.03 0.02
Cumulative Var        0.03 0.05 0.08 0.10 0.13
Proportion Explained  0.21 0.21 0.20 0.20 0.17
Cumulative Proportion 0.21 0.43 0.63 0.83 1.00

Mean item complexity =  2.1
Test of the hypothesis that 5 components are sufficient.

The root mean square of the residuals (RMSR) is  0.03 
 with the empirical chi square  40491.17  with prob <  0 

Fit based upon off diagonal values = 0.53