

KMO_TEST:

KMO_METRIC: 0.683916103353142
The KMO test yields a DECENT degree of common variance.

BARTLETT_SPHERICITY_TEST:


	Bartlett's test of sphericity

data:  InputData
X-squared = 26615, df = 5050, p-value < 2.2e-16



FACTOR_ANALYSIS_RESULTS:

Principal Components Analysis
Call: principal(r = InputData, nfactors = NumberOfFactors, residuals = FALSE, 
    rotate = "varimax", method = "regression")
Standardized loadings (pattern matrix) based upon correlation matrix
               RC3   RC7   RC2   RC9   RC4   RC1   RC5   RC6   RC8  RC10    h2   u2 com
play          0.09 -0.06  0.02  0.02  0.00  0.01  0.34 -0.08 -0.10  0.06 0.152 0.85 1.6
video        -0.06 -0.03  0.02  0.06  0.04 -0.08  0.49 -0.05 -0.13 -0.07 0.277 0.72 1.4
phone         0.11 -0.02 -0.04 -0.16  0.03  0.11  0.26  0.18  0.02 -0.02 0.154 0.85 3.5
wait          0.06  0.13 -0.01 -0.05 -0.02  0.31 -0.03  0.04 -0.07 -0.03 0.129 0.87 1.7
call          0.24  0.00 -0.10 -0.22  0.22  0.05  0.14  0.27  0.10 -0.06 0.267 0.73 5.4
move          0.06 -0.08  0.01  0.01 -0.05  0.19  0.05  0.19 -0.05  0.10 0.100 0.90 3.5
quick        -0.04  0.00  0.00  0.03 -0.06  0.24 -0.04  0.01  0.11  0.04 0.077 0.92 1.8
answer       -0.05  0.02  0.12 -0.18 -0.03  0.10  0.18  0.46  0.20  0.02 0.346 0.65 2.4
work          0.06  0.01 -0.16  0.40  0.20  0.00 -0.05  0.19  0.04  0.27 0.343 0.66 3.4
room          0.04  0.00 -0.03  0.02 -0.09  0.20  0.19 -0.25  0.06  0.13 0.171 0.83 4.0
study         0.06  0.07  0.05  0.22  0.08 -0.06 -0.10  0.03  0.43  0.00 0.269 0.73 1.9
interest      0.09 -0.01  0.30  0.01  0.02  0.00  0.09  0.05 -0.20  0.20 0.187 0.81 3.2
told          0.34 -0.07 -0.06 -0.10  0.00  0.22 -0.02  0.12  0.04 -0.05 0.199 0.80 2.5
place         0.18  0.06 -0.07  0.07  0.03  0.01  0.00  0.06 -0.09  0.02 0.059 0.94 3.0
bore         -0.03 -0.11  0.30  0.03  0.11  0.05  0.12 -0.11 -0.17 -0.05 0.174 0.83 3.2
worry         0.04 -0.07 -0.02  0.10  0.07  0.07 -0.05 -0.02  0.21 -0.01 0.078 0.92 2.6
realize       0.06 -0.05  0.04  0.09  0.04  0.19 -0.05 -0.02  0.02  0.17 0.087 0.91 3.3
talk          0.51  0.03  0.12 -0.04 -0.08 -0.06  0.03  0.09  0.01 -0.06 0.302 0.70 1.3
thought       0.11  0.00  0.04  0.01  0.13  0.17  0.01  0.06 -0.06  0.17 0.094 0.91 4.3
night         0.06 -0.03  0.12  0.33  0.14  0.15 -0.01 -0.03 -0.03 -0.23 0.223 0.78 3.2
minute       -0.07  0.03  0.08 -0.04  0.01  0.33  0.10  0.11  0.05  0.09 0.156 0.84 2.0
conversation  0.37  0.05 -0.01 -0.02 -0.01 -0.09  0.05  0.17 -0.02 -0.01 0.179 0.82 1.7
long          0.07  0.06 -0.01  0.24 -0.02  0.06  0.08  0.10 -0.03  0.02 0.087 0.91 2.2
job           0.12 -0.05 -0.07 -0.01  0.12 -0.01  0.01  0.27  0.00 -0.04 0.112 0.89 2.1
finish       -0.04  0.23  0.01  0.27  0.15  0.00  0.14  0.00  0.11  0.12 0.197 0.80 4.1
walk          0.06  0.09 -0.08 -0.11 -0.07  0.33 -0.02 -0.01  0.16 -0.02 0.173 0.83 2.3
ready        -0.03  0.06 -0.02  0.10 -0.02  0.25 -0.01 -0.07  0.09  0.01 0.090 0.91 1.9
today         0.03  0.06  0.04  0.26  0.09  0.24  0.01  0.12 -0.02  0.03 0.153 0.85 2.9
friend        0.52  0.03  0.05  0.04  0.08  0.02  0.01 -0.15  0.07 -0.10 0.315 0.68 1.4
excite        0.34  0.05  0.04  0.04 -0.08  0.07  0.05 -0.14 -0.04  0.01 0.155 0.84 1.8
start         0.21  0.05  0.07  0.07  0.21  0.27  0.06 -0.05  0.12  0.17 0.220 0.78 4.9
write        -0.07 -0.05  0.08  0.06 -0.01  0.00 -0.03  0.03  0.06  0.52 0.291 0.71 1.2
email        -0.05 -0.03 -0.09 -0.03 -0.07  0.10  0.03  0.19  0.04  0.21 0.111 0.89 3.5
lab           0.05  0.06 -0.14  0.29 -0.06  0.18 -0.09  0.21 -0.02  0.02 0.201 0.80 3.7
day           0.10  0.05 -0.04  0.24  0.11  0.32  0.13  0.07  0.17 -0.01 0.237 0.76 3.7
group         0.23 -0.04  0.11  0.07 -0.01 -0.01 -0.04 -0.01 -0.11  0.16 0.113 0.89 3.4
focus        -0.05  0.05  0.13  0.16  0.16 -0.04 -0.03 -0.02 -0.01  0.27 0.151 0.85 3.2
meet          0.35 -0.02 -0.07 -0.02  0.07  0.15 -0.11  0.11  0.03  0.07 0.186 0.81 2.2
lunch         0.12  0.52 -0.03  0.02  0.03  0.04  0.05  0.01  0.00 -0.02 0.288 0.71 1.2
show          0.05 -0.01  0.02  0.02  0.01  0.04  0.41  0.07 -0.04 -0.03 0.184 0.82 1.2
sleep        -0.13  0.00  0.14  0.33  0.26  0.15 -0.05 -0.03 -0.09 -0.30 0.335 0.67 4.4
relieve       0.04  0.00 -0.02  0.09  0.04  0.02  0.13  0.04  0.18  0.01 0.065 0.93 3.0
early        -0.07  0.06  0.07  0.15  0.03  0.38  0.07  0.03  0.01 -0.12 0.199 0.80 1.9
people        0.17  0.12  0.09  0.20 -0.02 -0.01  0.03  0.23 -0.15  0.15 0.190 0.81 5.6
decide        0.10  0.08 -0.04  0.07  0.12  0.22  0.13 -0.14 -0.03  0.01 0.122 0.88 4.6
plan          0.38 -0.05 -0.09  0.04  0.13  0.14 -0.09 -0.10  0.12 -0.02 0.224 0.78 2.4
annoy         0.00 -0.06  0.03  0.15 -0.08  0.07 -0.05  0.32 -0.16  0.01 0.166 0.83 2.4
relax        -0.04  0.09 -0.11  0.18  0.00  0.04  0.43 -0.24  0.21 -0.04 0.340 0.66 2.9
week          0.15 -0.08  0.02  0.28 -0.08  0.13  0.02  0.07  0.16  0.02 0.164 0.84 3.4
alone        -0.11  0.09 -0.07 -0.08  0.51  0.11  0.12 -0.09  0.09  0.00 0.332 0.67 1.6
homework      0.00  0.01  0.04  0.43 -0.01 -0.18  0.03 -0.06  0.11  0.04 0.232 0.77 1.6
close         0.17  0.03  0.04  0.04  0.00  0.08  0.02  0.04  0.01 -0.05 0.046 0.95 2.2
breakfast    -0.03  0.46 -0.05  0.01  0.03  0.17 -0.01 -0.08  0.02 -0.03 0.250 0.75 1.4
end           0.08  0.02  0.14  0.02  0.04  0.18  0.04  0.10  0.05  0.05 0.075 0.92 3.8
great         0.22 -0.02 -0.02  0.07  0.02 -0.03  0.09  0.02  0.11  0.02 0.075 0.93 2.3
professor     0.00 -0.05  0.65 -0.06 -0.05  0.02  0.01  0.09  0.20  0.04 0.481 0.52 1.3
frustrate    -0.03 -0.05 -0.01  0.12  0.08 -0.01 -0.08  0.35 -0.05  0.01 0.157 0.84 1.6
office        0.04 -0.03 -0.08  0.08 -0.08  0.06  0.03  0.42  0.03 -0.04 0.202 0.80 1.4
happy         0.36  0.12 -0.10  0.10 -0.05  0.00  0.23 -0.08  0.07  0.04 0.233 0.77 2.7
discuss       0.36 -0.03  0.13 -0.05  0.11 -0.09 -0.10  0.08 -0.03  0.00 0.190 0.81 2.0
stress       -0.01 -0.04 -0.06  0.19  0.01  0.01 -0.03  0.03  0.39 -0.03 0.197 0.80 1.6
assignment    0.03  0.03  0.05  0.26  0.42 -0.03 -0.11 -0.06 -0.02  0.02 0.269 0.73 1.9
lecture      -0.04  0.02  0.60  0.01 -0.02  0.06 -0.04  0.00  0.05  0.00 0.373 0.63 1.1
question     -0.03 -0.01  0.20 -0.03 -0.02 -0.04  0.07  0.43  0.28  0.06 0.316 0.68 2.3
hour         -0.01  0.09  0.12  0.12 -0.01  0.17  0.05  0.16  0.09 -0.03 0.106 0.89 5.2
left          0.06  0.03 -0.02 -0.04  0.07  0.37 -0.06 -0.02  0.00  0.03 0.151 0.85 1.2
problem      -0.04 -0.02  0.14  0.12  0.18 -0.11 -0.05  0.18  0.11 -0.02 0.129 0.87 5.5
learn         0.03 -0.02  0.28  0.06  0.00 -0.07 -0.04  0.08 -0.04  0.03 0.101 0.90 1.6
class        -0.04 -0.04  0.58  0.04 -0.10  0.15  0.03 -0.13  0.27  0.01 0.469 0.53 1.8
enjoy         0.09  0.21  0.10  0.05 -0.10 -0.01  0.29  0.03 -0.03  0.05 0.161 0.84 2.9
paper        -0.04 -0.02 -0.02  0.05  0.06 -0.01 -0.04 -0.03  0.02  0.53 0.292 0.71 1.1
due          -0.03 -0.02 -0.01  0.32  0.16 -0.04  0.02  0.03  0.10  0.20 0.182 0.82 2.5
nervous       0.02 -0.04  0.08 -0.10  0.04  0.08 -0.03  0.03  0.39  0.06 0.179 0.82 1.4
listen        0.07  0.05  0.34  0.00 -0.02 -0.05  0.01  0.01 -0.06 -0.02 0.127 0.87 1.2
mood          0.07  0.00  0.04  0.21 -0.10  0.04  0.09  0.02  0.04 -0.04 0.073 0.93 2.5
nice          0.24  0.12 -0.06  0.06 -0.15  0.05  0.09  0.01  0.12  0.11 0.141 0.86 4.5
tire         -0.18 -0.03  0.10  0.26  0.09  0.14  0.03 -0.08 -0.02 -0.27 0.219 0.78 4.2
food          0.06  0.60 -0.02  0.00 -0.02  0.07 -0.05 -0.05 -0.03 -0.01 0.373 0.63 1.1
leave         0.05 -0.01  0.02  0.02  0.00  0.36 -0.05  0.00 -0.12 -0.02 0.147 0.85 1.3
read         -0.04  0.02  0.13 -0.07  0.00  0.12  0.06 -0.04 -0.05  0.41 0.216 0.78 1.6
text          0.18 -0.07  0.07  0.04 -0.06  0.17  0.07 -0.09 -0.04 -0.04 0.090 0.91 4.2
morning      -0.04  0.15 -0.04  0.33 -0.05  0.26  0.02  0.07  0.05 -0.12 0.223 0.78 3.0
prepare       0.00  0.17  0.07 -0.06  0.09  0.14 -0.06 -0.01  0.33  0.08 0.186 0.81 2.5
eat           0.05  0.72 -0.03  0.06 -0.07  0.02  0.04 -0.07  0.02 -0.02 0.534 0.47 1.1
watch        -0.08  0.03 -0.03  0.09 -0.01 -0.12  0.65 -0.08 -0.11 -0.07 0.480 0.52 1.3
note         -0.08 -0.04  0.32  0.02 -0.06  0.09 -0.03 -0.04  0.19  0.16 0.187 0.81 2.8
emotion       0.00 -0.01  0.03 -0.07  0.31 -0.04  0.22  0.00  0.09 -0.05 0.164 0.84 2.2
roommate      0.19  0.05 -0.03 -0.04  0.04  0.09  0.10 -0.17 -0.09  0.01 0.098 0.90 4.0
student       0.06  0.02  0.18  0.01  0.08  0.06 -0.06  0.27 -0.04  0.06 0.130 0.87 2.6
hard          0.01 -0.05  0.13  0.19  0.05  0.02  0.02  0.01  0.12  0.07 0.081 0.92 3.3
train        -0.01 -0.07 -0.17  0.07 -0.10  0.27 -0.05  0.20 -0.10  0.00 0.176 0.82 3.8
hungry       -0.08  0.65  0.04  0.04  0.13  0.06 -0.05 -0.01 -0.08 -0.05 0.461 0.54 1.2
continue      0.02  0.00  0.03 -0.02  0.10  0.00  0.24  0.10  0.03  0.03 0.080 0.92 1.9
library       0.06  0.08  0.00  0.05  0.57 -0.05 -0.14 -0.04  0.04 -0.04 0.364 0.64 1.3
weekend       0.22 -0.09 -0.06  0.27 -0.11  0.11  0.01 -0.16  0.12  0.00 0.197 0.80 4.4
mind         -0.02  0.01 -0.04 -0.07  0.45 -0.01  0.10  0.04  0.09  0.04 0.231 0.77 1.3
calm         -0.08  0.02 -0.09 -0.04  0.13  0.09  0.21 -0.14  0.19  0.17 0.168 0.83 5.9
exam          0.03 -0.01  0.12  0.07 -0.04 -0.08 -0.08 -0.06  0.58 -0.07 0.374 0.63 1.3
complete      0.04 -0.02 -0.03  0.11  0.45  0.09  0.09  0.13  0.00  0.05 0.253 0.75 1.6
break.        0.12  0.15  0.00  0.19 -0.08 -0.04  0.11 -0.04  0.11  0.02 0.106 0.89 4.9
project       0.14 -0.09 -0.05  0.02  0.34 -0.05 -0.03  0.05 -0.07  0.21 0.199 0.80 2.6

                       RC3  RC7  RC2  RC9  RC4  RC1  RC5  RC6  RC8 RC10
SS loadings           2.25 2.20 2.18 2.11 2.09 2.06 1.95 1.95 1.94 1.64
Proportion Var        0.02 0.02 0.02 0.02 0.02 0.02 0.02 0.02 0.02 0.02
Cumulative Var        0.02 0.04 0.07 0.09 0.11 0.13 0.15 0.17 0.19 0.20
Proportion Explained  0.11 0.11 0.11 0.10 0.10 0.10 0.10 0.10 0.10 0.08
Cumulative Proportion 0.11 0.22 0.33 0.43 0.53 0.63 0.73 0.82 0.92 1.00

Mean item complexity =  2.6
Test of the hypothesis that 10 components are sufficient.

The root mean square of the residuals (RMSR) is  0.03 
 with the empirical chi square  39623.9  with prob <  0 

Fit based upon off diagonal values = 0.47