

KMO_TEST:

KMO_METRIC: 0.683916103353142
The KMO test yields a DECENT degree of common variance.

BARTLETT_SPHERICITY_TEST:


	Bartlett's test of sphericity

data:  InputData
X-squared = 26615, df = 5050, p-value < 2.2e-16



FACTOR_ANALYSIS_RESULTS:

Principal Components Analysis
Call: principal(r = InputData, nfactors = NumberOfFactors, residuals = FALSE, 
    rotate = "varimax", method = "regression")
Standardized loadings (pattern matrix) based upon correlation matrix
               RC7   RC2   RC3   RC4   RC6   RC8  RC15   RC5   RC1  RC11  RC12   RC9  RC13  RC10  RC14    h2   u2 com
play         -0.08  0.02  0.08 -0.01 -0.02 -0.14  0.11  0.31 -0.06  0.08  0.09  0.15 -0.07  0.03 -0.07 0.189 0.81 3.5
video        -0.01  0.01 -0.08  0.04 -0.03 -0.09  0.01  0.58 -0.03  0.02  0.05 -0.06 -0.03 -0.12  0.08 0.384 0.62 1.3
phone        -0.01 -0.05  0.20 -0.10  0.21 -0.08  0.02  0.13 -0.08  0.18 -0.06  0.07 -0.09 -0.05  0.23 0.225 0.77 6.6
wait          0.14 -0.06  0.02  0.05  0.14 -0.05  0.04 -0.02  0.14 -0.12 -0.09  0.31 -0.08  0.03  0.02 0.193 0.81 3.5
call          0.00 -0.13  0.26  0.16  0.28  0.07 -0.06  0.06 -0.05  0.20 -0.08  0.03 -0.09 -0.09  0.10 0.278 0.72 5.6
move         -0.07  0.01  0.06  0.00  0.20 -0.10  0.05  0.00 -0.02 -0.01 -0.01  0.12  0.09  0.08  0.15 0.108 0.89 5.0
quick         0.03 -0.01 -0.04 -0.08  0.04  0.08  0.05 -0.04  0.02 -0.06  0.02  0.15 -0.02  0.00  0.33 0.161 0.84 2.0
answer       -0.01  0.13 -0.02 -0.04  0.55  0.10 -0.04  0.08 -0.14  0.09 -0.01  0.09  0.02 -0.05  0.00 0.372 0.63 1.5
work          0.03 -0.14 -0.06  0.26  0.12 -0.03  0.22 -0.09  0.05  0.07  0.27 -0.14  0.22  0.21  0.15 0.373 0.63 7.9
room         -0.03  0.05  0.01 -0.15 -0.18 -0.02  0.18  0.09 -0.15  0.15  0.10  0.36  0.05  0.05 -0.02 0.284 0.72 4.1
study         0.03  0.05  0.07  0.04 -0.01  0.46  0.01 -0.05  0.01  0.01  0.30 -0.03  0.11 -0.03  0.02 0.327 0.67 2.0
interest      0.00  0.27  0.15  0.05  0.02 -0.15 -0.05  0.09  0.08  0.02 -0.13 -0.12  0.07  0.31 -0.02 0.270 0.73 4.6
told         -0.06 -0.04  0.34  0.10  0.04  0.10 -0.06  0.00 -0.06  0.00 -0.16  0.15  0.21 -0.07  0.15 0.269 0.73 4.1
place         0.07 -0.07  0.16  0.12 -0.02 -0.04 -0.02  0.07 -0.04 -0.07  0.05 -0.01  0.11 -0.01  0.09 0.087 0.91 6.2
bore         -0.06  0.33 -0.09  0.08 -0.07 -0.26  0.10  0.05  0.06  0.13 -0.01  0.02 -0.06 -0.09  0.10 0.258 0.74 3.7
worry        -0.02  0.03 -0.04  0.08 -0.04  0.17  0.14 -0.07  0.01  0.09 -0.04 -0.11  0.10 -0.06  0.31 0.196 0.80 3.6
realize       0.00  0.03  0.01  0.11 -0.05  0.03  0.03  0.02 -0.02 -0.10  0.05  0.08  0.01  0.10  0.44 0.239 0.76 1.6
talk          0.00  0.14  0.57  0.00  0.02 -0.02  0.08 -0.06 -0.12  0.03  0.01 -0.01  0.07 -0.09 -0.02 0.385 0.62 1.4
thought       0.04  0.01  0.17  0.08 -0.01 -0.01 -0.08  0.02  0.07  0.06 -0.08 -0.01  0.07  0.21  0.30 0.202 0.80 3.5
night        -0.01  0.07  0.11  0.04 -0.06  0.01  0.06  0.01  0.45  0.02  0.09  0.01  0.12 -0.06  0.02 0.257 0.74 1.6
minute        0.06  0.07 -0.04 -0.03  0.14  0.04 -0.05  0.12  0.01  0.00 -0.03  0.24  0.03  0.07  0.33 0.218 0.78 3.1
conversation  0.02 -0.01  0.41  0.03  0.14 -0.07  0.12 -0.08 -0.05  0.08 -0.01 -0.09  0.02  0.00 -0.08 0.233 0.77 2.0
long          0.07 -0.04  0.01  0.02  0.17 -0.11  0.25  0.02  0.17 -0.05  0.15  0.04 -0.06  0.05  0.00 0.175 0.83 4.6
job          -0.03 -0.11  0.12  0.16  0.24  0.03 -0.04  0.02  0.11  0.01 -0.10 -0.15  0.04  0.02  0.05 0.162 0.84 5.3
finish        0.19 -0.02 -0.09  0.07  0.07  0.07  0.15  0.11  0.09  0.09  0.35  0.11 -0.03  0.11 -0.14 0.283 0.72 4.2
walk          0.07 -0.06  0.06 -0.07  0.04  0.18 -0.02 -0.02 -0.04  0.00 -0.07  0.37  0.10 -0.04  0.04 0.210 0.79 2.2
ready         0.06  0.03 -0.13  0.07 -0.03  0.11  0.11  0.03  0.07 -0.02 -0.06  0.20  0.18  0.01 -0.02 0.130 0.87 5.5
today         0.08  0.07 -0.04  0.18  0.04  0.04  0.02  0.09  0.13 -0.02  0.03  0.05  0.38  0.04  0.12 0.238 0.76 2.6
friend        0.02 -0.03  0.52  0.12 -0.14  0.12  0.11  0.02  0.12 -0.05  0.10  0.14 -0.20 -0.05  0.01 0.424 0.58 2.3
excite        0.05  0.02  0.18  0.15 -0.02 -0.03  0.31  0.04  0.12 -0.13 -0.14  0.12 -0.12  0.08 -0.25 0.305 0.70 5.8
start         0.05  0.11  0.09  0.28 -0.05  0.17  0.05  0.11 -0.02  0.11  0.03  0.26  0.17  0.12  0.07 0.276 0.72 5.8
write        -0.05  0.05 -0.07  0.01  0.05  0.05  0.05 -0.04 -0.07 -0.02  0.08 -0.04 -0.06  0.53  0.09 0.326 0.67 1.3
email        -0.03 -0.09 -0.05 -0.05  0.24  0.00  0.07 -0.05 -0.02  0.02 -0.10  0.01  0.06  0.25 -0.02 0.154 0.85 3.3
lab           0.04 -0.07  0.03  0.04  0.09  0.00  0.05 -0.07  0.02 -0.03  0.10  0.06  0.52  0.00 -0.03 0.313 0.69 1.3
day           0.06 -0.04  0.04  0.08  0.14  0.15  0.24  0.06  0.29  0.14 -0.02  0.16  0.19  0.10 -0.01 0.293 0.71 6.1
group        -0.03  0.12  0.12  0.20 -0.04 -0.12  0.09  0.01 -0.12 -0.14  0.10  0.06 -0.03  0.06  0.07 0.150 0.85 7.5
focus         0.04  0.14 -0.03  0.08 -0.07 -0.01 -0.01 -0.05  0.02  0.13  0.15 -0.09  0.11  0.29  0.01 0.179 0.82 3.9
meet         -0.03 -0.06  0.14  0.39  0.13  0.09  0.10 -0.04 -0.05 -0.12 -0.07  0.21  0.10  0.02 -0.17 0.316 0.68 3.8
lunch         0.55  0.01  0.01  0.10  0.06 -0.06  0.19 -0.01 -0.07  0.04 -0.02 -0.01 -0.02 -0.09  0.08 0.381 0.62 1.5
show         -0.01 -0.02  0.07  0.05  0.09  0.08 -0.05  0.54  0.09 -0.04 -0.09 -0.02  0.06  0.05  0.00 0.338 0.66 1.4
sleep         0.02  0.08 -0.06  0.05 -0.06 -0.05 -0.04 -0.03  0.55  0.12  0.10 -0.01  0.12 -0.10 -0.02 0.371 0.63 1.5
relieve       0.00 -0.04 -0.03  0.04  0.14  0.10  0.21  0.07  0.05  0.04  0.10  0.04 -0.13 -0.01  0.02 0.118 0.88 4.7
early         0.07  0.05 -0.01 -0.07  0.06  0.05  0.00  0.07  0.31  0.03 -0.03  0.25  0.18  0.01  0.06 0.219 0.78 3.3
people        0.07  0.02  0.31 -0.02  0.12 -0.10 -0.12  0.07  0.04 -0.10  0.29  0.05  0.16  0.20 -0.06 0.310 0.69 5.0
decide        0.13 -0.04  0.00  0.13 -0.09 -0.04  0.16  0.13  0.07  0.07 -0.02  0.16 -0.04 -0.01  0.20 0.164 0.84 6.9
plan         -0.03 -0.07  0.18  0.31 -0.07  0.14  0.23 -0.08  0.03  0.01 -0.09  0.13  0.02 -0.06  0.00 0.248 0.75 4.4
annoy        -0.05  0.05  0.03 -0.05  0.24 -0.28  0.04 -0.12 -0.06 -0.07  0.22  0.04  0.14 -0.10  0.22 0.297 0.70 5.8
relax         0.08 -0.03 -0.08 -0.17 -0.13  0.09  0.35  0.27  0.00  0.31  0.08  0.06  0.06 -0.07 -0.06 0.381 0.62 4.6
week         -0.06  0.05  0.03  0.05  0.13  0.07  0.39 -0.07  0.15 -0.04  0.03  0.00  0.11  0.04  0.05 0.226 0.77 2.2
alone         0.08 -0.07 -0.05  0.10 -0.04  0.01 -0.09 -0.06  0.14  0.57  0.07  0.14 -0.08  0.04 -0.04 0.417 0.58 1.6
homework     -0.03  0.03 -0.01 -0.04 -0.10  0.06  0.15  0.06  0.01 -0.08  0.56 -0.01  0.01 -0.04 -0.02 0.358 0.64 1.3
close         0.02 -0.07  0.31 -0.09  0.03  0.07 -0.05  0.04  0.21 -0.07  0.05  0.05 -0.13  0.08  0.14 0.217 0.78 3.8
breakfast     0.46 -0.04 -0.01 -0.04 -0.07  0.07 -0.04  0.01  0.04  0.05 -0.03  0.13  0.09  0.00  0.01 0.258 0.74 1.5
end           0.05  0.11  0.01  0.09  0.19  0.00  0.13  0.00  0.08 -0.02 -0.01  0.13 -0.09  0.04  0.11 0.120 0.88 6.5
great         0.00 -0.06  0.19  0.11  0.01  0.18  0.10  0.14  0.09 -0.05 -0.09 -0.15  0.00  0.08  0.08 0.167 0.83 7.6
professor    -0.05  0.65 -0.02  0.02  0.18  0.16  0.00  0.01  0.01 -0.06  0.01  0.03 -0.11  0.03 -0.01 0.498 0.50 1.4
frustrate    -0.06 -0.05  0.04  0.00  0.28 -0.15 -0.08 -0.13  0.00 -0.01  0.31  0.01  0.00 -0.06  0.19 0.273 0.73 4.1
office       -0.04 -0.08  0.04  0.00  0.41 -0.02  0.08 -0.03  0.06 -0.04 -0.04 -0.06  0.19 -0.01 -0.06 0.236 0.76 1.9
happy         0.09 -0.08  0.31  0.01 -0.02  0.02  0.33  0.11 -0.03  0.10  0.02  0.07  0.02  0.05 -0.20 0.287 0.71 3.7
discuss      -0.02  0.14  0.21  0.39  0.05  0.02  0.03 -0.02 -0.07 -0.10 -0.07 -0.07  0.00 -0.06 -0.07 0.247 0.75 2.5
stress       -0.04 -0.06  0.03 -0.10  0.02  0.36  0.13 -0.08  0.11  0.08  0.09 -0.14  0.07  0.01  0.19 0.253 0.75 3.5
assignment    0.04 -0.02 -0.02  0.36 -0.14  0.07 -0.13  0.04  0.19  0.04  0.33  0.01 -0.01  0.01  0.07 0.332 0.67 3.5
lecture       0.02  0.61 -0.03  0.00  0.04  0.03 -0.05 -0.02  0.08 -0.04  0.01  0.02 -0.02  0.02  0.03 0.384 0.62 1.1
question     -0.05  0.21 -0.03  0.01  0.48  0.17  0.01  0.00 -0.13  0.05  0.13 -0.02  0.04 -0.01 -0.06 0.351 0.65 2.1
hour          0.10  0.05  0.00 -0.02  0.24  0.07  0.07  0.06  0.22 -0.10  0.08  0.11 -0.08  0.05  0.10 0.179 0.82 5.2
left          0.02 -0.02  0.03  0.05  0.03 -0.01 -0.01 -0.07  0.03  0.03  0.05  0.44  0.00  0.00  0.10 0.221 0.78 1.3
problem      -0.04  0.10  0.07 -0.02  0.13  0.04 -0.10 -0.10  0.05  0.12  0.33 -0.09 -0.06 -0.05  0.15 0.218 0.78 3.6
learn        -0.01  0.28  0.04  0.11  0.01  0.03 -0.11  0.07  0.00 -0.10  0.01 -0.14  0.13  0.03  0.01 0.159 0.84 3.4
class        -0.04  0.59 -0.05 -0.09  0.01  0.22  0.11  0.01  0.10 -0.04  0.05  0.18 -0.13  0.03  0.02 0.485 0.52 1.9
enjoy         0.18  0.09  0.16 -0.12  0.08 -0.03  0.10  0.23  0.04  0.05 -0.03 -0.02  0.04  0.13 -0.16 0.201 0.80 6.6
paper        -0.02 -0.04 -0.10  0.09  0.01  0.00  0.10 -0.08 -0.10  0.03  0.07 -0.01 -0.09  0.51  0.03 0.325 0.68 1.5
due          -0.06 -0.05 -0.01  0.09  0.00  0.12  0.00  0.07  0.08  0.02  0.41  0.05  0.07  0.20 -0.07 0.264 0.74 2.2
nervous      -0.05  0.06 -0.04  0.07  0.15  0.39  0.07 -0.02  0.01  0.01 -0.06  0.08 -0.15  0.07  0.00 0.225 0.78 2.2
listen        0.04  0.38  0.11 -0.04 -0.01 -0.11  0.01 -0.07 -0.02  0.10 -0.01 -0.08  0.08 -0.02 -0.06 0.204 0.80 2.0
mood          0.01  0.16 -0.02  0.00 -0.03 -0.04  0.24  0.02 -0.07  0.07  0.00 -0.07  0.35 -0.13  0.02 0.240 0.76 3.1
nice          0.11  0.02  0.16 -0.03  0.03  0.04  0.29 -0.01 -0.18  0.04 -0.02  0.04  0.15  0.02 -0.02 0.184 0.82 3.6
tire          0.00  0.05 -0.13 -0.09 -0.01 -0.05  0.13 -0.02  0.52  0.07 -0.01 -0.03 -0.04 -0.06 -0.01 0.335 0.67 1.5
food          0.61 -0.01  0.08 -0.03 -0.06  0.01 -0.01 -0.04 -0.01  0.00 -0.04  0.02  0.07  0.00  0.02 0.389 0.61 1.1
leave        -0.01  0.03  0.02  0.05  0.02 -0.12  0.00 -0.04  0.05 -0.05  0.04  0.41  0.09 -0.05  0.06 0.209 0.79 1.5
read         -0.01  0.09  0.10 -0.10 -0.04  0.01 -0.15  0.05 -0.02  0.07 -0.03  0.10  0.02  0.50  0.03 0.326 0.67 1.6
text         -0.03  0.03  0.20 -0.07 -0.05 -0.08  0.17  0.00  0.16 -0.01 -0.10  0.06 -0.11  0.03  0.23 0.188 0.81 5.7
morning       0.13 -0.01  0.03 -0.12  0.00  0.09  0.05  0.03  0.26  0.02  0.08  0.11  0.41 -0.01 -0.02 0.297 0.70 2.6
prepare       0.17  0.11 -0.06  0.11  0.03  0.37 -0.02 -0.02 -0.07  0.07 -0.04  0.10  0.07  0.04  0.06 0.221 0.78 2.6
eat           0.73 -0.03  0.05 -0.08 -0.03  0.03  0.11  0.03 -0.01 -0.03  0.03  0.00 -0.02 -0.01  0.02 0.555 0.44 1.1
watch         0.04 -0.04 -0.06 -0.05 -0.05 -0.05  0.02  0.76 -0.03  0.04  0.07 -0.09 -0.01 -0.08  0.02 0.606 0.39 1.1
note         -0.03  0.33 -0.07 -0.07  0.00  0.18  0.03 -0.03  0.02 -0.01 -0.03  0.00  0.00  0.18  0.10 0.199 0.80 2.8
emotion      -0.02  0.06  0.05  0.05  0.02  0.00  0.01  0.04  0.04  0.47 -0.03 -0.08 -0.01 -0.04 -0.06 0.249 0.75 1.2
roommate      0.05  0.03  0.21 -0.01 -0.21 -0.14  0.03  0.03 -0.16  0.16  0.07  0.19  0.06 -0.10  0.10 0.225 0.78 7.3
student       0.01  0.15  0.07  0.13  0.26 -0.04 -0.10 -0.05  0.03 -0.03  0.07  0.05  0.05  0.07 -0.04 0.143 0.86 3.9
hard         -0.04  0.13  0.11 -0.08 -0.05  0.11  0.03 -0.02  0.14  0.11  0.07 -0.15  0.13  0.14  0.19 0.182 0.82 9.3
train        -0.07 -0.14  0.02 -0.04  0.12 -0.05 -0.05 -0.03  0.06 -0.06 -0.12  0.12  0.38  0.05  0.03 0.231 0.77 2.5
hungry        0.66  0.01 -0.06  0.05  0.00 -0.02 -0.11  0.00  0.11  0.01  0.05  0.04  0.00  0.00 -0.05 0.469 0.53 1.2
continue     -0.03  0.02  0.13 -0.09  0.11 -0.02 -0.02  0.12  0.01  0.26  0.03 -0.01  0.05  0.07 -0.04 0.129 0.87 3.3
library       0.07 -0.05  0.04  0.39 -0.10  0.10 -0.22 -0.09  0.14  0.27  0.24  0.04 -0.06 -0.04 -0.06 0.395 0.61 4.6
weekend      -0.05  0.00  0.04  0.09 -0.14  0.07  0.41  0.00  0.06 -0.09 -0.03  0.00  0.12 -0.04  0.12 0.250 0.75 2.1
mind          0.03 -0.04  0.00  0.18  0.05  0.01 -0.03 -0.05  0.08  0.47 -0.02 -0.11 -0.05  0.05  0.09 0.296 0.70 1.8
calm          0.01 -0.03 -0.05 -0.11 -0.07  0.09  0.12  0.03 -0.08  0.40 -0.01  0.08  0.04  0.15  0.01 0.239 0.76 2.2
exam         -0.04  0.14  0.03 -0.07 -0.02  0.58  0.06 -0.05 -0.04  0.00  0.14 -0.05 -0.02 -0.10  0.06 0.405 0.60 1.5
complete      0.02 -0.04 -0.07  0.40  0.12 -0.03  0.00  0.09  0.10  0.24  0.11  0.01  0.04 -0.01  0.16 0.294 0.71 3.0
break.        0.18  0.02  0.06 -0.04 -0.01  0.02  0.30  0.04 -0.01 -0.01  0.10 -0.11 -0.04 -0.03  0.20 0.199 0.80 3.4
project      -0.04 -0.02 -0.11  0.52  0.04 -0.09  0.09  0.00 -0.11  0.10  0.02 -0.06 -0.01  0.07  0.02 0.331 0.67 1.5

                       RC7  RC2  RC3  RC4  RC6  RC8 RC15  RC5  RC1 RC11 RC12  RC9 RC13 RC10 RC14
SS loadings           2.22 2.14 1.96 1.89 1.87 1.82 1.80 1.79 1.76 1.75 1.73 1.70 1.65 1.60 1.50
Proportion Var        0.02 0.02 0.02 0.02 0.02 0.02 0.02 0.02 0.02 0.02 0.02 0.02 0.02 0.02 0.01
Cumulative Var        0.02 0.04 0.06 0.08 0.10 0.12 0.14 0.15 0.17 0.19 0.21 0.22 0.24 0.25 0.27
Proportion Explained  0.08 0.08 0.07 0.07 0.07 0.07 0.07 0.07 0.06 0.06 0.06 0.06 0.06 0.06 0.06
Cumulative Proportion 0.08 0.16 0.23 0.30 0.37 0.44 0.50 0.57 0.63 0.70 0.76 0.83 0.89 0.94 1.00

Mean item complexity =  3.3
Test of the hypothesis that 15 components are sufficient.

The root mean square of the residuals (RMSR) is  0.03 
 with the empirical chi square  44420.58  with prob <  0 

Fit based upon off diagonal values = 0.4