

KMO_TEST:

KMO_METRIC: 0.721220333653206
The KMO test yields a GOOD degree of common variance.

BARTLETT_SPHERICITY_TEST:


	Bartlett's test of sphericity

data:  InputData
X-squared = 32332, df = 4950, p-value < 2.2e-16



FACTOR_ANALYSIS_RESULTS:

Principal Components Analysis
Call: principal(r = InputData, nfactors = NumberOfFactors, residuals = FALSE, 
    rotate = "varimax", method = "regression")
Standardized loadings (pattern matrix) based upon correlation matrix
               RC7   RC2   RC9   RC6   RC1   RC8   RC4   RC3   RC5  RC10    h2   u2 com
relieve       0.07 -0.04  0.08 -0.01  0.09  0.15  0.06  0.04  0.11  0.03 0.061 0.94 4.5
frustrate     0.00  0.00  0.02 -0.05  0.10  0.00  0.12  0.36 -0.07 -0.02 0.158 0.84 1.5
long          0.12  0.01  0.08  0.06  0.21  0.00  0.01  0.11  0.10  0.01 0.089 0.91 3.4
happy         0.41 -0.09  0.04  0.14  0.07  0.07 -0.02 -0.07  0.20  0.06 0.251 0.75 2.2
place         0.21 -0.05  0.03  0.07  0.06 -0.05  0.05  0.10  0.01  0.01 0.071 0.93 2.3
work          0.05 -0.16  0.02  0.00  0.42  0.06  0.16  0.18 -0.03  0.30 0.353 0.65 3.1
email        -0.06 -0.10  0.09  0.00 -0.04  0.04 -0.04  0.21  0.03  0.21 0.118 0.88 3.2
lunch         0.11 -0.05  0.03  0.51  0.01  0.00  0.03  0.02  0.03 -0.01 0.278 0.72 1.1
class        -0.01  0.56  0.19 -0.03  0.02  0.26 -0.08 -0.10  0.04  0.00 0.434 0.57 1.8
call          0.17 -0.11  0.10 -0.02 -0.20  0.07  0.20  0.26  0.16 -0.03 0.229 0.77 5.5
question     -0.05  0.18 -0.02 -0.02 -0.05  0.28 -0.02  0.45  0.07  0.04 0.323 0.68 2.2
move          0.06  0.03  0.20 -0.06  0.00 -0.02 -0.03  0.18  0.07  0.09 0.095 0.90 3.3
answer       -0.08  0.06  0.12  0.00 -0.19  0.17 -0.02  0.46  0.15  0.03 0.329 0.67 2.2
discuss       0.33  0.13 -0.09 -0.03  0.01 -0.03  0.05  0.13 -0.08  0.01 0.160 0.84 2.1
study         0.02  0.06 -0.04  0.08  0.24  0.45  0.07  0.04 -0.04  0.00 0.283 0.72 1.8
enjoy         0.13  0.10 -0.01  0.23  0.02 -0.02 -0.08  0.05  0.27  0.05 0.165 0.84 3.1
thought       0.11  0.05  0.21  0.00  0.00 -0.03  0.14  0.07  0.02  0.17 0.112 0.89 3.8
learn         0.05  0.30 -0.07  0.00  0.08  0.01  0.00  0.10 -0.03  0.02 0.118 0.88 1.7
prepare      -0.01  0.05  0.11  0.16 -0.05  0.34  0.09  0.01 -0.04  0.08 0.178 0.82 2.2
plan          0.36 -0.10  0.14 -0.06  0.09  0.10  0.11 -0.07 -0.08  0.01 0.200 0.80 2.4
complete      0.04 -0.02  0.09 -0.01  0.15 -0.02  0.42  0.15  0.07  0.07 0.245 0.76 1.8
train        -0.02 -0.16  0.28 -0.06  0.10 -0.10 -0.12  0.18 -0.05  0.02 0.175 0.82 3.9
day           0.10 -0.04  0.34  0.07  0.24  0.15  0.11  0.08  0.13  0.03 0.250 0.75 3.4
start         0.15  0.08  0.27  0.04  0.15  0.10  0.15 -0.01  0.10  0.19 0.205 0.79 5.0
conversation  0.36 -0.01 -0.06  0.04 -0.04  0.01 -0.01  0.19  0.04 -0.03 0.177 0.82 1.7
friend        0.54  0.05  0.04  0.04  0.00  0.11  0.12 -0.10  0.01 -0.14 0.348 0.65 1.5
weekend       0.26 -0.05  0.11 -0.09  0.26  0.14 -0.10 -0.14  0.02 -0.01 0.210 0.79 4.3
excite        0.34  0.05  0.08  0.07  0.08 -0.04 -0.08 -0.11  0.05  0.02 0.163 0.84 1.8
watch        -0.08 -0.03 -0.12  0.04  0.10 -0.08 -0.02 -0.06  0.68 -0.07 0.517 0.48 1.2
job           0.12 -0.05  0.00 -0.04  0.02  0.00  0.13  0.28  0.00  0.00 0.113 0.89 1.9
nervous       0.04  0.06  0.09 -0.04 -0.09  0.38  0.03  0.04 -0.02  0.07 0.178 0.82 1.4
meet          0.31 -0.07  0.09  0.00  0.06  0.03  0.00  0.14 -0.10  0.10 0.153 0.85 2.4
show          0.02  0.03  0.03  0.02  0.05 -0.04 -0.01  0.10  0.43 -0.02 0.201 0.80 1.2
stress        0.03 -0.06  0.05 -0.03  0.15  0.41  0.06  0.04 -0.03 -0.01 0.205 0.80 1.4
left          0.04 -0.03  0.37  0.03 -0.01  0.00  0.06 -0.03 -0.06  0.03 0.152 0.85 1.2
student       0.08  0.16  0.03  0.03  0.02 -0.02  0.09  0.30 -0.05  0.07 0.138 0.86 2.2
office        0.03 -0.08  0.05 -0.01  0.08  0.03 -0.10  0.40  0.04 -0.03 0.187 0.81 1.4
breakfast    -0.04 -0.05  0.15  0.46  0.04  0.02  0.03 -0.09  0.01 -0.01 0.244 0.76 1.4
read         -0.01  0.14  0.11  0.03 -0.10 -0.02  0.02 -0.02  0.05  0.39 0.199 0.80 1.7
due           0.01  0.00 -0.04 -0.02  0.33  0.12  0.15  0.05  0.03  0.20 0.189 0.81 2.6
leave         0.05  0.04  0.35  0.00  0.04 -0.09  0.00  0.00 -0.03 -0.02 0.137 0.86 1.3
paper        -0.02 -0.01  0.01 -0.02  0.05  0.02  0.03 -0.03 -0.05  0.54 0.298 0.70 1.1
room          0.08 -0.01  0.22  0.00  0.02  0.08 -0.06 -0.24  0.18  0.12 0.168 0.83 4.1
break.        0.16  0.00 -0.05  0.16  0.14  0.14 -0.04 -0.04  0.09  0.01 0.104 0.90 5.1
eat           0.07 -0.04  0.02  0.71  0.04  0.03 -0.04 -0.07  0.03 -0.02 0.526 0.47 1.1
close         0.19  0.04  0.14  0.03 -0.04  0.04  0.07  0.05  0.01 -0.08 0.075 0.93 3.2
today         0.01  0.07  0.24  0.08  0.27 -0.01  0.06  0.14  0.01  0.06 0.170 0.83 3.2
lab           0.03 -0.12  0.19  0.06  0.33 -0.02 -0.09  0.20 -0.07  0.05 0.219 0.78 3.1
phone         0.11 -0.04  0.13 -0.03 -0.19  0.02  0.05  0.16  0.25 -0.04 0.164 0.84 4.1
morning      -0.04 -0.02  0.26  0.17  0.34  0.07 -0.05  0.08  0.05 -0.10 0.239 0.76 3.0
told          0.28 -0.05  0.26 -0.09 -0.06  0.01 -0.02  0.15  0.00 -0.01 0.189 0.81 3.0
people        0.21  0.10  0.01  0.12  0.16 -0.10  0.01  0.27  0.07  0.13 0.203 0.80 4.6
realize       0.08  0.04  0.23 -0.04  0.09  0.04  0.05 -0.01 -0.05  0.15 0.100 0.90 2.9
decide        0.13 -0.03  0.22  0.09  0.09 -0.02  0.13 -0.13  0.13  0.03 0.134 0.87 5.0
project       0.06 -0.05 -0.03 -0.10  0.13 -0.13  0.24  0.06 -0.01  0.26 0.178 0.82 3.8
continue      0.04  0.00  0.01 -0.02 -0.03  0.04  0.12  0.12  0.25  0.02 0.096 0.90 2.2
week          0.18  0.03  0.14 -0.07  0.27  0.19 -0.05  0.09  0.04  0.02 0.177 0.82 4.0
annoy         0.03  0.03  0.09 -0.06  0.13 -0.12 -0.06  0.33 -0.03 -0.02 0.161 0.84 2.1
note         -0.07  0.34  0.07 -0.04 -0.01  0.21 -0.05 -0.05 -0.02  0.16 0.200 0.80 2.5
wait          0.06 -0.02  0.31  0.13 -0.03 -0.06 -0.03  0.06 -0.03 -0.05 0.128 0.87 1.7
alone        -0.07 -0.07  0.12  0.10 -0.08  0.08  0.54 -0.09  0.10  0.04 0.358 0.64 1.5
hour          0.01  0.12  0.17  0.10  0.12  0.11  0.00  0.17  0.05 -0.02 0.111 0.89 5.4
early        -0.07  0.07  0.38  0.08  0.15  0.02  0.04  0.04  0.06 -0.11 0.206 0.79 1.9
worry         0.08 -0.02  0.10 -0.07  0.10  0.24  0.10 -0.01 -0.06 -0.01 0.102 0.90 2.9
minute       -0.05  0.08  0.34  0.05 -0.06  0.07  0.04  0.11  0.09  0.08 0.162 0.84 2.0
talk          0.52  0.12 -0.01  0.01 -0.05  0.04 -0.05  0.11  0.05 -0.08 0.313 0.69 1.3
ready        -0.05  0.01  0.24  0.06  0.14  0.08 -0.05 -0.08  0.01  0.04 0.097 0.90 2.6
quick         0.01 -0.01  0.28 -0.01  0.02  0.13 -0.04  0.01 -0.05  0.02 0.098 0.90 1.5
interest      0.14  0.30  0.01 -0.01  0.01 -0.16  0.04  0.07  0.09  0.20 0.188 0.81 3.4
focus        -0.01  0.16 -0.05  0.06  0.16  0.03  0.16 -0.01 -0.03  0.28 0.159 0.84 3.3
write        -0.06  0.11  0.03 -0.05  0.05  0.05 -0.04  0.02 -0.04  0.50 0.280 0.72 1.2
mind          0.02 -0.04  0.01  0.01 -0.08  0.10  0.48  0.04  0.08  0.07 0.262 0.74 1.3
end           0.09  0.14  0.21  0.01  0.02  0.05  0.05  0.09  0.03  0.01 0.083 0.92 2.9
tire         -0.15  0.12  0.15 -0.03  0.27 -0.02  0.11 -0.10  0.03 -0.24 0.215 0.78 4.6
nice          0.24 -0.05  0.05  0.13  0.07  0.12 -0.17  0.04  0.10  0.10 0.150 0.85 4.5
finish       -0.02  0.01  0.00  0.21  0.28  0.11  0.13  0.00  0.16  0.15 0.200 0.80 4.1
play          0.11  0.03  0.02 -0.05  0.01 -0.09  0.02 -0.06  0.34  0.04 0.142 0.86 1.6
text          0.22  0.06  0.19 -0.07 -0.01 -0.01 -0.01 -0.08  0.05 -0.07 0.106 0.89 3.1
walk          0.04 -0.08  0.36  0.08 -0.08  0.15 -0.07  0.00 -0.02 -0.02 0.178 0.82 1.9
group         0.25  0.12 -0.02 -0.04  0.05 -0.10  0.00  0.01 -0.04  0.15 0.120 0.88 2.8
lecture      -0.03  0.60  0.06  0.02  0.01  0.04  0.00  0.00 -0.03  0.00 0.372 0.63 1.0
emotion       0.07  0.01  0.00 -0.01 -0.10  0.10  0.37  0.00  0.19 -0.03 0.200 0.80 1.9
night         0.09  0.12  0.15 -0.02  0.33  0.01  0.15 -0.01  0.01 -0.21 0.223 0.78 3.2
problem      -0.03  0.14 -0.07 -0.03  0.07  0.13  0.22  0.17 -0.06 -0.05 0.129 0.87 4.4
mood          0.08  0.04  0.06  0.00  0.22  0.05 -0.11  0.03  0.10 -0.02 0.087 0.91 2.9
video        -0.06  0.03 -0.08 -0.02  0.07 -0.11  0.03 -0.03  0.52 -0.06 0.307 0.69 1.3
calm         -0.04 -0.08  0.10  0.00 -0.05  0.19  0.14 -0.15  0.20  0.22 0.186 0.81 5.7
sleep        -0.11  0.15  0.13  0.01  0.35 -0.08  0.27 -0.03 -0.03 -0.28 0.334 0.67 4.1
bore         -0.02  0.30  0.07 -0.11  0.01 -0.17  0.12 -0.10  0.10 -0.04 0.172 0.83 3.2
listen        0.07  0.34 -0.02  0.02  0.01 -0.07 -0.02  0.00  0.01  0.02 0.132 0.87 1.2
food          0.07  0.00  0.08  0.59  0.00 -0.02  0.00 -0.03 -0.04 -0.01 0.360 0.64 1.1
material     -0.10  0.35 -0.02 -0.01  0.06  0.37 -0.04  0.04 -0.05  0.01 0.281 0.72 2.3
professor    -0.01  0.63  0.05 -0.04 -0.06  0.18 -0.05  0.11  0.02  0.04 0.459 0.54 1.3
relax        -0.01 -0.10  0.05  0.09  0.16  0.19  0.02 -0.25  0.43 -0.01 0.330 0.67 2.7
hungry       -0.08  0.04  0.06  0.65  0.05 -0.07  0.13  0.01 -0.06 -0.04 0.458 0.54 1.2
library       0.02 -0.01 -0.04  0.08  0.10  0.02  0.56  0.00 -0.13  0.00 0.347 0.65 1.2
homework      0.03  0.03 -0.16 -0.01  0.39  0.14  0.00 -0.04  0.06  0.04 0.206 0.79 1.7
roommate      0.23 -0.02  0.10  0.02 -0.04 -0.06  0.06 -0.15  0.11 -0.01 0.106 0.89 3.1
exam          0.00  0.13 -0.06 -0.02  0.08  0.60 -0.04 -0.05 -0.04 -0.09 0.402 0.60 1.2
assignment    0.03  0.04 -0.06  0.02  0.29 -0.03  0.40 -0.02 -0.11  0.00 0.259 0.74 2.1

                       RC7  RC2  RC9  RC6  RC1  RC8  RC4  RC3  RC5 RC10
SS loadings           2.26 2.25 2.22 2.19 2.13 2.07 2.07 2.00 1.96 1.65
Proportion Var        0.02 0.02 0.02 0.02 0.02 0.02 0.02 0.02 0.02 0.02
Cumulative Var        0.02 0.05 0.07 0.09 0.11 0.13 0.15 0.17 0.19 0.21
Proportion Explained  0.11 0.11 0.11 0.11 0.10 0.10 0.10 0.10 0.09 0.08
Cumulative Proportion 0.11 0.22 0.32 0.43 0.53 0.63 0.73 0.83 0.92 1.00

Mean item complexity =  2.6
Test of the hypothesis that 10 components are sufficient.

The root mean square of the residuals (RMSR) is  0.03 
 with the empirical chi square  44746.66  with prob <  0 

Fit based upon off diagonal values = 0.55