

KMO_TEST:

KMO_METRIC: 0.721220333653206
The KMO test yields a GOOD degree of common variance.

BARTLETT_SPHERICITY_TEST:


	Bartlett's test of sphericity

data:  InputData
X-squared = 32332, df = 4950, p-value < 2.2e-16



FACTOR_ANALYSIS_RESULTS:

Principal Components Analysis
Call: principal(r = InputData, nfactors = NumberOfFactors, residuals = FALSE, 
    rotate = "varimax", method = "regression")
Standardized loadings (pattern matrix) based upon correlation matrix
               RC2   RC6   RC9   RC3  RC15   RC4   RC5   RC7  RC13  RC14   RC8  RC12   RC1  RC10  RC11   h2   u2 com
relieve       0.00 -0.02  0.09  0.01  0.05  0.07  0.06  0.21  0.14  0.14 -0.01 -0.02 -0.04  0.00 -0.05 0.11 0.89 4.1
frustrate    -0.04 -0.03  0.05  0.06  0.02  0.02 -0.02 -0.02  0.12  0.12  0.01  0.08  0.00 -0.03  0.48 0.28 0.72 1.4
long         -0.01  0.09  0.03  0.06 -0.03 -0.04  0.11  0.24  0.08  0.12  0.14  0.07  0.01  0.05  0.07 0.13 0.87 4.5
happy        -0.02  0.09  0.05  0.34 -0.06  0.09  0.06  0.18  0.15  0.01 -0.11  0.04  0.18 -0.01 -0.28 0.33 0.67 4.6
place        -0.12  0.08  0.04  0.16  0.04  0.00  0.07  0.00 -0.01 -0.04  0.03  0.22  0.05  0.03  0.10 0.12 0.88 4.1
work         -0.15  0.02 -0.05 -0.09  0.00  0.12 -0.07  0.28  0.27  0.13  0.07  0.12  0.22  0.24  0.19 0.39 0.61 7.5
email        -0.06 -0.01  0.01 -0.03 -0.06  0.03 -0.06  0.07 -0.03  0.34 -0.05 -0.08  0.05  0.21 -0.06 0.20 0.80 2.4
lunch         0.01  0.54  0.01 -0.03 -0.05  0.08  0.00  0.20 -0.03  0.05 -0.11  0.08  0.04 -0.10  0.03 0.38 0.62 1.6
class         0.58 -0.04  0.22 -0.03  0.22 -0.07  0.03  0.09  0.06 -0.01  0.04 -0.03 -0.07  0.03 -0.08 0.46 0.54 1.9
call         -0.09 -0.02  0.07  0.26 -0.02  0.24  0.06  0.08 -0.07  0.30 -0.02 -0.03 -0.14  0.01  0.06 0.27 0.73 4.3
question      0.23 -0.05  0.01  0.02  0.19  0.05  0.02 -0.05  0.08  0.44 -0.16  0.03  0.10 -0.07  0.15 0.36 0.64 3.1
move          0.01 -0.04  0.17  0.04  0.03  0.01  0.10  0.00 -0.11  0.05 -0.04  0.14  0.14  0.07  0.20 0.15 0.85 6.0
answer        0.15 -0.03  0.14  0.03  0.04  0.10  0.05 -0.06 -0.02  0.52 -0.19 -0.07  0.06 -0.06  0.10 0.39 0.61 2.0
discuss       0.06  0.00 -0.09  0.12  0.07  0.00  0.02  0.03 -0.09  0.02  0.00  0.48 -0.02 -0.03  0.01 0.28 0.72 1.4
study         0.03  0.04  0.01  0.09  0.46  0.02 -0.04 -0.01  0.32 -0.01  0.05 -0.03  0.10 -0.01  0.05 0.34 0.66 2.1
enjoy         0.10  0.19 -0.03  0.19 -0.04 -0.02  0.23 -0.02  0.05  0.11 -0.01  0.00  0.08  0.07 -0.19 0.20 0.80 5.8
thought      -0.01  0.04  0.12  0.16  0.01  0.10  0.01  0.09 -0.08 -0.02  0.10  0.02 -0.03  0.30  0.20 0.21 0.79 4.1
learn         0.25 -0.01 -0.08  0.04  0.11 -0.03  0.04 -0.14  0.03 -0.04  0.04  0.21  0.11  0.02  0.09 0.17 0.83 4.5
prepare       0.03  0.16  0.14 -0.09  0.39  0.13  0.00 -0.02 -0.03  0.03 -0.07  0.14  0.01  0.03 -0.04 0.25 0.75 2.6
plan         -0.09 -0.05  0.13  0.12  0.06  0.10 -0.10  0.27  0.02 -0.01  0.03  0.27  0.01 -0.05 -0.16 0.24 0.76 4.9
complete     -0.03  0.01  0.08 -0.08 -0.05  0.37  0.06  0.11  0.14  0.11  0.12  0.21  0.00  0.02  0.15 0.28 0.72 3.6
train        -0.17 -0.07  0.19  0.02 -0.04 -0.07 -0.04 -0.13 -0.11  0.09  0.10  0.05  0.34  0.04  0.05 0.24 0.76 3.9
day          -0.01  0.05  0.25  0.05  0.08  0.16  0.04  0.20  0.10  0.20  0.21  0.02  0.22  0.06 -0.14 0.30 0.70 7.6
start         0.06  0.04  0.27  0.04  0.13  0.17  0.11  0.06  0.09 -0.06  0.03  0.21  0.16  0.15 -0.01 0.25 0.75 6.2
conversation -0.02  0.04 -0.12  0.42 -0.02  0.04 -0.04  0.06 -0.05  0.09 -0.03  0.08  0.10  0.00  0.04 0.23 0.77 1.7
friend        0.00  0.03  0.14  0.47  0.07  0.01 -0.01  0.16  0.17 -0.12  0.03  0.18 -0.20 -0.10 -0.11 0.42 0.58 3.2
weekend      -0.01 -0.06  0.03  0.07  0.09 -0.06 -0.02  0.44  0.01 -0.07  0.09  0.08  0.13 -0.01 -0.09 0.26 0.74 1.8
excite        0.07  0.06  0.09  0.15 -0.10 -0.08  0.02  0.23  0.05  0.04  0.03  0.21  0.00  0.00 -0.33 0.26 0.74 4.1
watch        -0.08  0.03 -0.07 -0.03 -0.01  0.00  0.77  0.02  0.04 -0.06  0.03 -0.04 -0.04 -0.04 -0.01 0.62 0.38 1.1
job          -0.11 -0.02 -0.06  0.09  0.03  0.07  0.03  0.04 -0.07  0.25  0.13  0.21 -0.05  0.05  0.08 0.17 0.83 4.6
nervous       0.03 -0.05  0.12 -0.03  0.39  0.04  0.01  0.08 -0.03  0.16 -0.03  0.11 -0.14  0.07 -0.13 0.26 0.74 2.7
meet         -0.08 -0.02  0.15  0.04  0.06  0.00 -0.05  0.04  0.04  0.14 -0.10  0.47  0.13 -0.05 -0.16 0.33 0.67 2.2
show         -0.05  0.01  0.03  0.05  0.05 -0.02  0.52 -0.05 -0.03  0.09  0.10  0.11 -0.01  0.05 -0.04 0.32 0.68 1.4
stress       -0.08 -0.01 -0.03  0.08  0.42  0.06 -0.04  0.17  0.03  0.03  0.12 -0.07  0.04  0.07  0.09 0.26 0.74 2.1
left          0.00  0.01  0.44  0.03 -0.06  0.04 -0.10  0.02  0.10 -0.01 -0.01 -0.03  0.01  0.00  0.00 0.22 0.78 1.3
student       0.12  0.02  0.05  0.07  0.00  0.02 -0.02 -0.10  0.08  0.24  0.04  0.23  0.00  0.05  0.08 0.16 0.84 3.9
office       -0.05 -0.02 -0.01  0.05 -0.02 -0.07  0.00  0.06 -0.01  0.43  0.04  0.05  0.15 -0.04  0.03 0.23 0.77 1.5
breakfast    -0.06  0.46  0.13 -0.01  0.06  0.03  0.03 -0.02  0.00 -0.06  0.08 -0.06  0.05  0.04 -0.05 0.25 0.75 1.5
read          0.06  0.00  0.09  0.12  0.04  0.03  0.05 -0.22  0.00 -0.03 -0.03 -0.02  0.02  0.48 -0.08 0.32 0.68 1.8
due          -0.04 -0.06  0.04  0.00  0.09  0.03  0.04  0.02  0.46  0.04  0.08  0.05  0.03  0.17  0.00 0.27 0.73 1.6
leave         0.05 -0.01  0.40  0.01 -0.08 -0.02 -0.01 -0.03  0.04 -0.06  0.02  0.08  0.09 -0.05  0.06 0.20 0.80 1.5
paper        -0.03 -0.02 -0.02 -0.08 -0.02  0.01 -0.06  0.11  0.10  0.04 -0.11  0.03 -0.04  0.54 -0.03 0.35 0.65 1.4
room          0.04 -0.02  0.26  0.06  0.04  0.06  0.12  0.08  0.05 -0.25 -0.16 -0.10  0.17  0.05 -0.06 0.24 0.76 5.2
break.        0.04  0.19 -0.07  0.10  0.04 -0.02  0.03  0.35  0.10 -0.01 -0.05 -0.07 -0.01  0.00  0.07 0.20 0.80 2.5
eat          -0.03  0.72  0.03  0.05  0.03 -0.04  0.04  0.08  0.04 -0.04 -0.04 -0.03  0.02 -0.03 -0.03 0.55 0.45 1.1
close        -0.01  0.02  0.20  0.28  0.03 -0.03  0.00 -0.01  0.11  0.01  0.08 -0.01 -0.16  0.01  0.05 0.17 0.83 3.1
today         0.08  0.08  0.17 -0.04  0.00  0.07  0.01  0.03  0.09  0.10  0.16  0.13  0.29  0.05  0.04 0.20 0.80 4.3
lab          -0.09  0.03  0.09  0.04 -0.01 -0.04 -0.10 -0.02  0.11  0.09  0.13  0.05  0.48  0.03  0.06 0.31 0.69 1.7
phone         0.00 -0.02  0.10  0.29 -0.09  0.13  0.12  0.11 -0.09  0.18 -0.07 -0.22 -0.09  0.03  0.12 0.26 0.74 6.0
morning      -0.04  0.14  0.14  0.08  0.09 -0.05  0.02  0.00  0.11  0.07  0.33 -0.12  0.34  0.02 -0.03 0.31 0.69 3.8
told         -0.07 -0.09  0.21  0.32  0.02  0.01 -0.04  0.04 -0.13  0.08  0.04  0.09  0.10  0.05  0.03 0.21 0.79 3.4
people        0.01  0.09  0.05  0.31 -0.04 -0.08  0.10 -0.17  0.24  0.07  0.04  0.16  0.13  0.17  0.16 0.32 0.68 6.2
realize       0.00  0.01  0.23  0.01  0.05 -0.02 -0.02  0.22  0.02 -0.08  0.03  0.05 -0.07  0.19  0.24 0.21 0.79 4.7
decide       -0.01  0.11  0.23  0.01 -0.07  0.13  0.10  0.24  0.06 -0.09  0.03  0.03 -0.02  0.01  0.00 0.17 0.83 4.3
project      -0.02 -0.06 -0.05 -0.24 -0.14  0.25  0.00  0.16  0.03  0.02 -0.08  0.35  0.10  0.09  0.08 0.33 0.67 4.5
continue      0.00 -0.04 -0.03  0.18  0.04  0.19  0.19 -0.11  0.01  0.08  0.02 -0.06  0.10  0.06  0.01 0.15 0.85 5.3
week          0.07 -0.05  0.03  0.06  0.11 -0.03 -0.02  0.37  0.05  0.17  0.13  0.06  0.15  0.04 -0.03 0.24 0.76 2.8
annoy         0.03 -0.01  0.05  0.06 -0.10 -0.09  0.00  0.06 -0.02  0.06 -0.01  0.06  0.17 -0.03  0.51 0.33 0.67 1.5
note          0.31 -0.02  0.00 -0.04  0.26 -0.03  0.00  0.00 -0.08 -0.04  0.03 -0.01  0.02  0.23  0.00 0.23 0.77 3.1
wait         -0.03  0.14  0.31  0.01 -0.05 -0.07  0.00  0.05 -0.08  0.11  0.08  0.08 -0.05 -0.01 -0.02 0.16 0.84 2.6
alone        -0.04  0.08  0.10 -0.02  0.02  0.59 -0.01 -0.09  0.08 -0.05  0.07 -0.06 -0.01  0.02 -0.06 0.40 0.60 1.3
hour          0.09  0.11  0.17  0.03  0.08 -0.08  0.08  0.12  0.11  0.23  0.14  0.01 -0.08  0.05  0.06 0.18 0.82 6.7
early         0.06  0.06  0.32  0.03  0.02  0.03  0.03 -0.02  0.04  0.10  0.29 -0.10  0.14  0.00 -0.06 0.24 0.76 3.2
worry        -0.02 -0.02  0.00  0.00  0.26  0.13 -0.07  0.24 -0.12 -0.06  0.08  0.06  0.06  0.02  0.15 0.20 0.80 4.6
minute        0.07  0.07  0.35 -0.02  0.10  0.04  0.12  0.01 -0.08  0.05 -0.02  0.00 -0.01  0.10  0.20 0.22 0.78 2.8
talk          0.10  0.00 -0.04  0.58  0.02 -0.01 -0.03  0.08 -0.03 -0.03 -0.04  0.10  0.09 -0.03  0.03 0.39 0.61 1.3
ready         0.02  0.05  0.22 -0.16  0.11 -0.01  0.05  0.05 -0.01 -0.04  0.05  0.08  0.18  0.00 -0.08 0.15 0.85 4.8
quick         0.01  0.01  0.29  0.02  0.08 -0.05 -0.07  0.16  0.01  0.00 -0.02 -0.11 -0.02  0.04  0.17 0.17 0.83 3.3
interest      0.21  0.00 -0.09  0.17 -0.06  0.02  0.12 -0.10 -0.12  0.00  0.14  0.19  0.06  0.32 -0.02 0.29 0.71 5.2
focus         0.14  0.05 -0.10 -0.01  0.04  0.14 -0.06 -0.03  0.17 -0.06  0.04  0.03  0.12  0.28  0.03 0.19 0.81 4.2
write         0.07 -0.04  0.00 -0.07  0.04 -0.07 -0.04  0.08  0.09  0.08 -0.07 -0.01 -0.06  0.55  0.02 0.35 0.65 1.3
mind         -0.02  0.03 -0.05  0.02  0.04  0.53 -0.02  0.05 -0.01  0.04  0.03  0.03 -0.05  0.06  0.07 0.30 0.70 1.2
end           0.14  0.04  0.20  0.01  0.02  0.03  0.03  0.15 -0.02  0.11  0.03  0.10 -0.05  0.01  0.07 0.12 0.88 4.8
tire          0.07  0.02 -0.02 -0.11  0.02  0.03  0.05  0.15 -0.07 -0.02  0.51 -0.11  0.00 -0.02 -0.02 0.33 0.67 1.5
nice          0.04  0.12  0.02  0.16  0.05 -0.02  0.01  0.20  0.00  0.01 -0.20  0.04  0.28 -0.01 -0.03 0.21 0.79 4.1
finish        0.05  0.16  0.07 -0.06 -0.01  0.11  0.10  0.10  0.43  0.08 -0.01 -0.04  0.10  0.05 -0.07 0.28 0.72 2.2
play          0.09 -0.09  0.13  0.07 -0.18  0.08  0.28  0.04  0.17 -0.04 -0.16  0.00  0.05 -0.07 -0.09 0.22 0.78 5.6
text          0.04 -0.03  0.12  0.22 -0.03 -0.03  0.02  0.24 -0.13 -0.06  0.13 -0.04 -0.09  0.07  0.02 0.18 0.82 4.8
walk         -0.06  0.06  0.41  0.06  0.13 -0.02 -0.04 -0.03 -0.03  0.03 -0.07 -0.04  0.08 -0.05 -0.07 0.21 0.79 1.7
group         0.09 -0.02  0.06  0.05 -0.06 -0.05  0.03  0.08  0.05 -0.11 -0.13  0.35  0.00  0.05  0.09 0.19 0.81 2.4
lecture       0.62  0.02  0.03  0.00  0.02 -0.02 -0.05 -0.02  0.02  0.03  0.09  0.01 -0.02  0.04  0.00 0.40 0.60 1.1
emotion       0.06 -0.01 -0.05  0.10  0.03  0.48  0.07  0.00 -0.03  0.02  0.01 -0.01  0.05 -0.06 -0.05 0.27 0.73 1.3
night         0.05 -0.01  0.04  0.11  0.07  0.03  0.03  0.10  0.09 -0.03  0.47  0.06  0.07 -0.03  0.00 0.27 0.73 1.5
problem       0.13 -0.03 -0.02  0.08  0.10  0.14 -0.08 -0.04  0.22  0.02  0.01 -0.05 -0.05 -0.05  0.33 0.23 0.77 3.4
mood          0.13  0.01 -0.05  0.02  0.02  0.05  0.03  0.15 -0.03 -0.06 -0.02  0.01  0.44 -0.10  0.06 0.26 0.74 1.7
video         0.00 -0.01 -0.03 -0.07 -0.07  0.03  0.59  0.07  0.03 -0.04  0.01  0.01 -0.07 -0.07  0.05 0.38 0.62 1.2
calm         -0.03  0.00  0.02  0.01  0.15  0.30  0.08  0.06 -0.07 -0.09 -0.07 -0.17  0.14  0.23 -0.09 0.25 0.75 4.9
sleep         0.09  0.02  0.00 -0.04 -0.02  0.14  0.00  0.00  0.10 -0.04  0.57 -0.01  0.07 -0.09  0.04 0.38 0.62 1.4
bore          0.35 -0.07  0.01 -0.09 -0.21  0.15  0.05  0.13 -0.10 -0.12  0.06  0.01  0.01 -0.05  0.09 0.26 0.74 3.6
listen        0.40  0.02 -0.10  0.13 -0.14  0.04 -0.09  0.02 -0.01  0.00  0.03 -0.06  0.11  0.04 -0.03 0.23 0.77 2.1
food         -0.02  0.60  0.04  0.08  0.02  0.00 -0.03 -0.01 -0.04 -0.03  0.03  0.00  0.05  0.03 -0.03 0.38 0.62 1.1
material      0.33 -0.02 -0.04 -0.07  0.43 -0.02  0.00 -0.05  0.01  0.01  0.04  0.03  0.06  0.03  0.06 0.31 0.69 2.1
professor     0.65 -0.05  0.07 -0.01  0.14 -0.05  0.00  0.00  0.02  0.16 -0.02  0.06 -0.07  0.03  0.01 0.49 0.51 1.3
relax        -0.01  0.08  0.01 -0.01  0.10  0.20  0.31  0.23  0.08 -0.15 -0.04 -0.22  0.22 -0.06 -0.16 0.37 0.63 6.6
hungry        0.01  0.65  0.06 -0.06 -0.02  0.06 -0.02 -0.10  0.07  0.01  0.12  0.01 -0.03  0.01  0.01 0.46 0.54 1.2
library      -0.04  0.05  0.03  0.00  0.00  0.42 -0.15 -0.13  0.34 -0.03  0.15  0.14 -0.12 -0.04  0.00 0.39 0.61 3.4
homework      0.04 -0.04 -0.04  0.02  0.04 -0.11  0.04  0.17  0.53 -0.07 -0.01 -0.11  0.04 -0.03  0.11 0.37 0.63 1.6
roommate     -0.02  0.04  0.11  0.22 -0.03  0.10  0.09  0.05 -0.05 -0.30 -0.09  0.03  0.08 -0.02  0.10 0.20 0.80 3.8
exam          0.10 -0.03 -0.02  0.02  0.64 -0.03  0.00  0.06  0.09 -0.04 -0.01 -0.03 -0.01 -0.08  0.00 0.44 0.56 1.2
assignment   -0.04  0.02  0.02 -0.06  0.00  0.17 -0.04  0.00  0.39 -0.07  0.24  0.20 -0.16  0.01  0.07 0.32 0.68 3.6

                       RC2  RC6  RC9  RC3 RC15  RC4  RC5  RC7 RC13 RC14  RC8 RC12  RC1 RC10 RC11
SS loadings           2.18 2.17 1.98 1.95 1.95 1.92 1.79 1.78 1.76 1.74 1.71 1.71 1.67 1.61 1.55
Proportion Var        0.02 0.02 0.02 0.02 0.02 0.02 0.02 0.02 0.02 0.02 0.02 0.02 0.02 0.02 0.02
Cumulative Var        0.02 0.04 0.06 0.08 0.10 0.12 0.14 0.16 0.17 0.19 0.21 0.23 0.24 0.26 0.27
Proportion Explained  0.08 0.08 0.07 0.07 0.07 0.07 0.07 0.06 0.06 0.06 0.06 0.06 0.06 0.06 0.06
Cumulative Proportion 0.08 0.16 0.23 0.30 0.37 0.44 0.51 0.57 0.64 0.70 0.76 0.82 0.88 0.94 1.00

Mean item complexity =  3.1
Test of the hypothesis that 15 components are sufficient.

The root mean square of the residuals (RMSR) is  0.03 
 with the empirical chi square  50413.93  with prob <  0 

Fit based upon off diagonal values = 0.5