

KMO_TEST:

KMO_METRIC: 0.687757745981325
The KMO test yields a DECENT degree of common variance.

BARTLETT_SPHERICITY_TEST:


	Bartlett's test of sphericity

data:  InputData
X-squared = 26127, df = 4950, p-value < 2.2e-16



FACTOR_ANALYSIS_RESULTS:

Principal Components Analysis
Call: principal(r = InputData, nfactors = NumberOfFactors, residuals = FALSE, 
    rotate = "varimax", method = "regression")
Standardized loadings (pattern matrix) based upon correlation matrix
               RC2   RC6   RC1   RC3   RC9   RC4   RC8   RC5   RC7  RC10    h2   u2 com
study         0.05  0.08 -0.05  0.01  0.28  0.02  0.44 -0.05  0.06 -0.03 0.291 0.71 1.9
enjoy         0.11  0.22 -0.01  0.11  0.02 -0.07 -0.03  0.28 -0.01  0.06 0.160 0.84 3.0
thought       0.04  0.00  0.18  0.08  0.02  0.12 -0.04  0.02  0.06  0.16 0.087 0.91 3.8
work         -0.16 -0.01  0.05  0.04  0.44  0.14  0.05 -0.05  0.14  0.28 0.348 0.65 2.6
happy        -0.10  0.13  0.00  0.39  0.08 -0.03  0.05  0.21 -0.11  0.05 0.243 0.76 2.4
learn         0.29 -0.01 -0.07  0.03  0.08 -0.03 -0.01 -0.04  0.11  0.01 0.111 0.89 1.8
prepare       0.06  0.15  0.13 -0.01 -0.04  0.11  0.34 -0.05 -0.01  0.10 0.181 0.82 2.4
plan         -0.09 -0.06  0.14  0.36  0.05  0.13  0.08 -0.11 -0.14  0.00 0.220 0.78 2.7
complete     -0.03 -0.03  0.12  0.03  0.16  0.42 -0.03  0.08  0.13  0.05 0.240 0.76 1.9
train        -0.17 -0.07  0.31 -0.02  0.09 -0.14 -0.10 -0.04  0.15  0.03 0.190 0.81 3.4
day          -0.04  0.06  0.37  0.08  0.22  0.11  0.14  0.12  0.00  0.00 0.241 0.76 2.7
question      0.17 -0.03  0.01 -0.03 -0.02 -0.04  0.27  0.10  0.44  0.07 0.311 0.69 2.3
move          0.02 -0.06  0.21  0.07  0.00 -0.04 -0.03  0.07  0.15  0.11 0.098 0.90 3.4
answer        0.07 -0.01  0.16 -0.04 -0.17 -0.04  0.17  0.19  0.45  0.06 0.338 0.66 2.5
discuss       0.13 -0.04 -0.07  0.32  0.00  0.06 -0.04 -0.08  0.11  0.02 0.150 0.85 2.0
watch        -0.02  0.03 -0.12 -0.09  0.09 -0.02 -0.11  0.67 -0.09 -0.08 0.514 0.49 1.3
frustrate    -0.03 -0.05  0.02 -0.01  0.12  0.06 -0.01 -0.06  0.39 -0.02 0.175 0.82 1.3
job          -0.06 -0.05  0.02  0.13  0.02  0.12 -0.02  0.00  0.24  0.02 0.096 0.90 2.3
nervous       0.07 -0.05  0.09  0.04 -0.09  0.04  0.37 -0.02  0.01  0.08 0.174 0.83 1.5
call         -0.12 -0.02  0.09  0.18 -0.18  0.19  0.08  0.18  0.28 -0.02 0.238 0.76 5.4
start         0.08  0.04  0.27  0.13  0.13  0.15  0.09  0.09 -0.05  0.17 0.190 0.81 4.7
conversation -0.04  0.04 -0.06  0.37 -0.02 -0.03  0.00  0.06  0.19 -0.01 0.183 0.82 1.7
friend        0.05  0.05 -0.01  0.52  0.01  0.11  0.10  0.00 -0.10 -0.16 0.334 0.67 1.5
weekend      -0.03 -0.09  0.12  0.26  0.23 -0.08  0.12  0.00 -0.22 -0.02 0.210 0.79 4.6
excite        0.07  0.07  0.06  0.32  0.05 -0.07 -0.07  0.03 -0.18  0.02 0.167 0.83 2.2
show          0.02  0.01  0.06  0.01  0.05 -0.03 -0.05  0.44  0.07 -0.02 0.205 0.79 1.2
stress       -0.07 -0.03  0.02  0.01  0.16  0.03  0.41 -0.03  0.03 -0.04 0.205 0.79 1.5
meet         -0.06 -0.02  0.14  0.32  0.05  0.01  0.01 -0.11  0.06  0.12 0.155 0.84 2.2
breakfast    -0.05  0.47  0.14 -0.05  0.03  0.04  0.02  0.01 -0.09 -0.02 0.254 0.75 1.4
left         -0.02  0.03  0.36  0.04 -0.03  0.07  0.00 -0.06 -0.05  0.02 0.145 0.86 1.3
student       0.16  0.03  0.06  0.09  0.03  0.07 -0.04 -0.06  0.27  0.08 0.128 0.87 2.8
relieve      -0.05 -0.01  0.06  0.06  0.09  0.05  0.15  0.13  0.03  0.02 0.058 0.94 4.2
email        -0.10 -0.01  0.11 -0.05 -0.03 -0.04  0.02  0.03  0.15  0.25 0.110 0.89 2.8
read          0.16  0.03  0.09 -0.02 -0.07  0.03 -0.03  0.04 -0.03  0.38 0.190 0.81 1.7
due           0.00 -0.02 -0.03 -0.01  0.35  0.14  0.11  0.03  0.03  0.16 0.180 0.82 2.1
leave         0.04  0.00  0.33  0.05  0.01  0.00 -0.10 -0.05 -0.03 -0.03 0.126 0.87 1.4
paper         0.01 -0.02  0.00 -0.03  0.09  0.05  0.01 -0.05 -0.04  0.51 0.275 0.72 1.1
room          0.00  0.00  0.17  0.06  0.00 -0.04  0.06  0.17 -0.30  0.11 0.170 0.83 2.9
today         0.06  0.07  0.27  0.00  0.26  0.05 -0.03  0.00  0.08  0.05 0.164 0.84 2.6
lab          -0.14  0.05  0.23  0.02  0.33 -0.13 -0.02 -0.05  0.18  0.03 0.237 0.76 3.3
phone        -0.06 -0.02  0.11  0.11 -0.17  0.04  0.03  0.27  0.16 -0.02 0.162 0.84 3.5
close         0.03  0.03  0.10  0.19 -0.03  0.05  0.04  0.01  0.07 -0.09 0.068 0.93 2.9
break.        0.01  0.16 -0.05  0.16  0.14 -0.04  0.12  0.09 -0.08  0.01 0.106 0.89 5.3
eat          -0.03  0.72  0.02  0.07  0.04 -0.04  0.03  0.03 -0.08 -0.02 0.537 0.46 1.1
lunch        -0.04  0.50  0.06  0.13  0.01  0.05  0.00  0.03  0.00  0.00 0.279 0.72 1.2
morning      -0.03  0.16  0.28 -0.05  0.31 -0.07  0.05  0.04  0.03 -0.13 0.230 0.77 3.3
told         -0.06 -0.10  0.25  0.29 -0.07 -0.04  0.01  0.01  0.13 -0.01 0.183 0.82 3.0
people        0.07  0.13  0.00  0.19  0.19 -0.04 -0.12  0.07  0.27  0.12 0.201 0.80 4.8
decide       -0.03  0.09  0.20  0.11  0.07  0.14 -0.03  0.11 -0.16  0.00 0.124 0.88 5.1
long         -0.01  0.07  0.08  0.10  0.20 -0.02 -0.01  0.10  0.08  0.00 0.080 0.92 3.1
project      -0.05 -0.11 -0.02  0.04  0.14  0.25 -0.15 -0.02  0.04  0.25 0.183 0.82 3.8
wait         -0.03  0.14  0.30  0.06 -0.05 -0.04 -0.06 -0.03  0.05 -0.03 0.128 0.87 1.8
alone        -0.06  0.10  0.08 -0.09 -0.07  0.57  0.07  0.08 -0.09  0.02 0.373 0.63 1.3
place        -0.07  0.07  0.03  0.19  0.06  0.02 -0.06  0.01  0.09  0.01 0.062 0.94 2.6
hour          0.12  0.10  0.18  0.01  0.09 -0.01  0.09  0.05  0.12 -0.02 0.092 0.91 5.0
continue      0.00 -0.01  0.00  0.04 -0.02  0.11  0.04  0.25  0.12  0.02 0.090 0.91 2.0
week          0.04 -0.08  0.16  0.18  0.24 -0.05  0.17  0.01  0.01  0.03 0.156 0.84 4.1
annoy         0.00 -0.07  0.11  0.02  0.15 -0.12 -0.13 -0.01  0.35 -0.02 0.189 0.81 2.3
note          0.34 -0.03  0.07 -0.08  0.00 -0.04  0.21 -0.03 -0.05  0.13 0.195 0.80 2.4
early         0.07  0.08  0.39 -0.07  0.11  0.04  0.01  0.06  0.00 -0.13 0.204 0.80 1.7
worry        -0.03 -0.08  0.08  0.06  0.09  0.09  0.23 -0.07 -0.03 -0.03 0.094 0.91 2.9
minute        0.07  0.04  0.32 -0.06 -0.06  0.01  0.07  0.12  0.12  0.08 0.159 0.84 2.2
mind         -0.04  0.00 -0.01  0.01 -0.06  0.49  0.08  0.06  0.05  0.07 0.265 0.74 1.2
interest      0.31 -0.02  0.01  0.12  0.02  0.03 -0.18  0.08  0.05  0.18 0.186 0.81 3.1
focus         0.16  0.05 -0.06 -0.04  0.20  0.15  0.01 -0.03 -0.01  0.24 0.156 0.84 3.9
talk          0.09  0.01 -0.05  0.51 -0.04 -0.10  0.03  0.06  0.13 -0.09 0.308 0.69 1.4
end           0.12  0.02  0.20  0.09  0.00  0.05  0.06  0.04  0.09  0.02 0.079 0.92 3.2
tire          0.11 -0.02  0.15 -0.17  0.23  0.08 -0.03  0.03 -0.10 -0.30 0.227 0.77 4.0
write         0.12 -0.05  0.02 -0.08  0.10 -0.03  0.05 -0.04  0.00  0.48 0.266 0.73 1.3
play          0.04 -0.06  0.01  0.10  0.02  0.02 -0.10  0.33 -0.09  0.05 0.148 0.85 1.7
text          0.07 -0.06  0.16  0.21 -0.01 -0.02 -0.02  0.05 -0.09 -0.08 0.099 0.90 3.4
nice         -0.05  0.13  0.06  0.23  0.06 -0.16  0.11  0.10 -0.04  0.12 0.141 0.86 4.8
ready         0.00  0.06  0.24 -0.06  0.11 -0.04  0.07  0.00 -0.12  0.02 0.099 0.90 2.5
finish        0.00  0.22  0.00 -0.04  0.30  0.12  0.10  0.16  0.01  0.10 0.198 0.80 3.4
walk         -0.10  0.08  0.34  0.03 -0.11 -0.07  0.15 -0.02 -0.03 -0.01 0.173 0.83 2.1
quick        -0.01 -0.02  0.25  0.00  0.01 -0.05  0.13 -0.04  0.00  0.01 0.084 0.92 1.7
realize       0.04 -0.04  0.21  0.06  0.10  0.04  0.03 -0.06 -0.02  0.13 0.083 0.92 3.1
class         0.58 -0.02  0.15 -0.03  0.00 -0.08  0.26  0.03 -0.11 -0.03 0.443 0.56 1.7
group         0.12 -0.05 -0.02  0.24  0.07  0.00 -0.11 -0.03  0.01  0.14 0.114 0.89 3.0
hard          0.14 -0.05  0.04  0.02  0.17  0.07  0.12  0.01  0.01  0.04 0.074 0.93 3.6
lecture       0.61  0.02  0.06 -0.04 -0.01  0.00  0.04 -0.04  0.02 -0.02 0.382 0.62 1.0
mood          0.04  0.00  0.08  0.07  0.20 -0.12  0.04  0.09 -0.02 -0.03 0.077 0.92 3.2
emotion       0.01 -0.01 -0.04  0.05 -0.09  0.38  0.08  0.19  0.00 -0.04 0.196 0.80 1.8
problem       0.11 -0.03 -0.08 -0.04  0.11  0.17  0.13 -0.04  0.25 -0.07 0.146 0.85 4.1
calm         -0.09  0.01  0.07 -0.07 -0.03  0.16  0.19  0.19 -0.15  0.18 0.172 0.83 5.8
video         0.02 -0.03 -0.09 -0.08  0.07  0.03 -0.13  0.50 -0.06 -0.08 0.295 0.70 1.4
sleep         0.14  0.00  0.15 -0.12  0.33  0.24 -0.10 -0.05 -0.01 -0.33 0.343 0.66 4.2
night         0.11 -0.03  0.16  0.08  0.31  0.13 -0.01  0.00  0.00 -0.27 0.233 0.77 3.4
listen        0.33  0.03 -0.05  0.07  0.01 -0.03 -0.08  0.01  0.01  0.00 0.122 0.88 1.3
bore          0.30 -0.11  0.05 -0.01  0.00  0.12 -0.18  0.10 -0.10 -0.07 0.176 0.82 3.2
food         -0.02  0.59  0.06  0.04 -0.01 -0.03 -0.03 -0.04 -0.03 -0.02 0.362 0.64 1.1
material      0.36 -0.02 -0.01 -0.11  0.07 -0.05  0.35 -0.05  0.03  0.00 0.278 0.72 2.4
professor     0.64 -0.04  0.05 -0.02 -0.07 -0.06  0.17  0.02  0.11  0.04 0.471 0.53 1.3
relax        -0.10  0.10  0.02 -0.02  0.13  0.05  0.19  0.42 -0.29 -0.04 0.339 0.66 2.9
hungry        0.03  0.66  0.06 -0.09  0.05  0.12 -0.08 -0.06  0.03 -0.05 0.473 0.53 1.2
homework      0.03  0.01 -0.18  0.02  0.43 -0.03  0.13  0.06 -0.02 -0.02 0.236 0.76 1.6
roommate     -0.02  0.03  0.06  0.21 -0.04  0.05 -0.07  0.10 -0.16 -0.02 0.094 0.91 3.2
library      -0.02  0.09 -0.07  0.01  0.13  0.54  0.01 -0.14  0.04 -0.04 0.348 0.65 1.4
assignment    0.05  0.03 -0.03  0.03  0.30  0.39 -0.03 -0.12  0.00 -0.04 0.266 0.73 2.2
exam          0.13 -0.01 -0.07 -0.02  0.08 -0.06  0.59 -0.05 -0.04 -0.09 0.395 0.61 1.3

                       RC2  RC6  RC1  RC3  RC9  RC4  RC8  RC5  RC7 RC10
SS loadings           2.30 2.23 2.18 2.15 2.15 2.04 2.02 1.94 1.87 1.65
Proportion Var        0.02 0.02 0.02 0.02 0.02 0.02 0.02 0.02 0.02 0.02
Cumulative Var        0.02 0.05 0.07 0.09 0.11 0.13 0.15 0.17 0.19 0.21
Proportion Explained  0.11 0.11 0.11 0.10 0.10 0.10 0.10 0.09 0.09 0.08
Cumulative Proportion 0.11 0.22 0.33 0.43 0.54 0.64 0.73 0.83 0.92 1.00

Mean item complexity =  2.6
Test of the hypothesis that 10 components are sufficient.

The root mean square of the residuals (RMSR) is  0.03 
 with the empirical chi square  37812.26  with prob <  0 

Fit based upon off diagonal values = 0.49