

KMO_TEST:

KMO_METRIC: 0.691861271907544
The KMO test yields a DECENT degree of common variance.

BARTLETT_SPHERICITY_TEST:


	Bartlett's test of sphericity

data:  InputData
X-squared = 51810, df = 11175, p-value < 2.2e-16



FACTOR_ANALYSIS_RESULTS:

Principal Components Analysis
Call: principal(r = InputData, nfactors = NumberOfFactors, residuals = FALSE, 
    rotate = "varimax", method = "regression")
Standardized loadings (pattern matrix) based upon correlation matrix
               RC6   RC2   RC1   RC7   RC3   RC4   RC8   RC5   RC9  RC10    h2   u2 com
place        -0.05 -0.03  0.05  0.06  0.16  0.07 -0.01 -0.02  0.16  0.08 0.073 0.93 3.9
relieve       0.12 -0.05  0.08  0.00  0.06  0.08  0.03  0.13 -0.03  0.04 0.053 0.95 4.7
frustrate     0.00 -0.01  0.20 -0.10 -0.05  0.12 -0.01 -0.10  0.03  0.26 0.149 0.85 3.2
long          0.00 -0.01  0.15  0.08  0.10  0.05  0.09  0.09 -0.01  0.10 0.069 0.93 5.2
happy        -0.01 -0.07  0.01  0.16  0.34  0.01  0.00  0.22  0.06  0.01 0.201 0.80 2.4
issue        -0.01  0.01  0.15 -0.08  0.05  0.16 -0.02  0.01 -0.01  0.15 0.081 0.92 3.8
work          0.07 -0.09  0.22  0.03  0.10  0.37  0.00  0.07 -0.16  0.15 0.262 0.74 3.1
email        -0.01  0.03  0.25 -0.03 -0.03  0.13 -0.16  0.00  0.00 -0.14 0.127 0.87 3.1
lunch        -0.05 -0.01  0.05  0.48  0.10  0.05 -0.05  0.06 -0.03  0.00 0.254 0.75 1.2
class         0.38  0.46  0.00  0.04  0.05 -0.14  0.11  0.04 -0.04 -0.01 0.397 0.60 2.4
call         -0.05 -0.04  0.15 -0.07  0.08  0.16 -0.06  0.03  0.21  0.00 0.113 0.89 3.9
study         0.41 -0.01 -0.02  0.10  0.02  0.04  0.10 -0.01 -0.06  0.24 0.256 0.74 2.0
enjoy        -0.03  0.09  0.03  0.21  0.07 -0.04 -0.05  0.23  0.10  0.05 0.124 0.88 3.4
thought       0.01  0.04  0.11 -0.01  0.02  0.14  0.06 -0.04  0.27  0.14 0.132 0.87 2.7
learn         0.08  0.21  0.00 -0.02  0.02 -0.02 -0.04 -0.01 -0.04  0.22 0.106 0.89 2.5
question      0.26  0.14  0.23 -0.10 -0.08  0.01 -0.19  0.04  0.00  0.21 0.243 0.76 5.1
move          0.05  0.02  0.21 -0.06  0.05  0.02 -0.05  0.04  0.23  0.06 0.114 0.89 2.7
answer        0.14  0.13  0.33 -0.07 -0.10  0.01 -0.19  0.06  0.09  0.03 0.210 0.79 3.0
discuss      -0.03  0.09 -0.02 -0.05  0.32  0.06 -0.07 -0.10  0.01  0.11 0.143 0.86 1.9
prepare       0.33  0.01  0.04  0.17 -0.02  0.09 -0.05 -0.04  0.09 -0.03 0.163 0.84 2.0
plan          0.03 -0.05  0.04  0.00  0.39  0.16  0.09 -0.07  0.04 -0.15 0.224 0.78 2.0
complete      0.00  0.00  0.14 -0.01  0.02  0.47  0.06  0.07  0.02  0.04 0.249 0.75 1.3
task         -0.03 -0.03  0.15 -0.04 -0.06  0.34 -0.10  0.04  0.05 -0.03 0.161 0.84 1.8
train        -0.09 -0.07  0.35 -0.03 -0.01 -0.03  0.02 -0.04  0.03  0.01 0.137 0.86 1.3
day           0.17 -0.03  0.27  0.12  0.15  0.17  0.21  0.11  0.06 -0.03 0.233 0.77 5.3
watch        -0.07 -0.04 -0.14  0.02 -0.11 -0.01  0.09  0.57  0.15  0.01 0.390 0.61 1.5
late          0.05 -0.01  0.24  0.09 -0.01  0.02  0.25 -0.04 -0.04  0.03 0.137 0.86 2.6
job          -0.06  0.01  0.15 -0.08  0.12  0.16 -0.06 -0.02 -0.01  0.08 0.083 0.92 4.8
nervous       0.37  0.02  0.05 -0.05  0.07  0.04 -0.05 -0.04  0.01 -0.08 0.160 0.84 1.4
begin         0.16  0.14  0.09  0.03  0.06  0.02 -0.03  0.04  0.12  0.04 0.073 0.93 4.4
start         0.20  0.04  0.14  0.09  0.15  0.19  0.10  0.11  0.14 -0.01 0.171 0.83 6.3
conversation -0.09  0.01  0.07 -0.01  0.25  0.01 -0.08 -0.02  0.14  0.11 0.112 0.89 2.8
friend        0.02  0.01 -0.12  0.07  0.49  0.00  0.12 -0.01  0.17  0.06 0.305 0.69 1.6
weekend       0.12 -0.07  0.05 -0.01  0.27 -0.03  0.16  0.07 -0.04 -0.03 0.130 0.87 2.7
stay          0.00  0.18  0.03  0.06  0.07  0.10  0.10 -0.01  0.10 -0.01 0.073 0.93 3.9
excite        0.00  0.00  0.03  0.10  0.34 -0.07  0.02  0.13 -0.03 -0.06 0.158 0.84 1.7
schedule      0.03  0.06  0.14  0.04  0.13  0.17  0.14 -0.10 -0.14 -0.04 0.122 0.88 6.2
show         -0.02  0.06  0.07  0.01  0.03  0.02  0.04  0.33  0.09 -0.05 0.129 0.87 1.4
hallway       0.07  0.02  0.10  0.22  0.16 -0.06 -0.01  0.01 -0.04 -0.03 0.092 0.91 2.9
stress        0.33 -0.04  0.02  0.00  0.07  0.10  0.07 -0.06  0.01  0.02 0.133 0.87 1.5
left          0.06 -0.01  0.21  0.11  0.06  0.04  0.07 -0.04  0.11 -0.11 0.096 0.90 3.7
student       0.00  0.17  0.19  0.00  0.11  0.14 -0.09 -0.07 -0.05  0.08 0.115 0.89 5.1
read          0.09  0.08  0.00  0.03 -0.10  0.05 -0.12  0.01  0.31  0.12 0.149 0.85 2.4
due           0.15 -0.04  0.04  0.02  0.03  0.24  0.07  0.08 -0.07  0.18 0.132 0.87 3.6
anxious       0.29 -0.02  0.07 -0.04  0.01  0.03 -0.01 -0.06  0.09 -0.07 0.109 0.89 1.6
meet          0.02 -0.05  0.21  0.02  0.34  0.08 -0.07 -0.08 -0.06 -0.06 0.189 0.81 2.3
great         0.11 -0.03  0.02  0.00  0.19  0.03 -0.01  0.10  0.05  0.06 0.066 0.93 2.8
office       -0.03 -0.04  0.33 -0.07  0.06  0.01 -0.07  0.00 -0.06  0.08 0.138 0.86 1.5
laptop       -0.05  0.03  0.00  0.05  0.01  0.05  0.04  0.07  0.04  0.07 0.021 0.98 6.6
leave        -0.01  0.03  0.20  0.05  0.06 -0.01  0.10 -0.01  0.11 -0.07 0.073 0.93 2.8
today         0.05  0.05  0.26  0.13  0.04  0.14  0.11  0.06 -0.04  0.13 0.146 0.85 3.6
final         0.32 -0.03 -0.01  0.00  0.20  0.05  0.00  0.10 -0.17 -0.09 0.191 0.81 2.8
lab           0.01 -0.11  0.33  0.08  0.06  0.03  0.10 -0.02 -0.13  0.14 0.179 0.82 2.5
computer      0.06  0.08  0.08 -0.02  0.02  0.14 -0.05  0.06 -0.02 -0.04 0.047 0.95 4.2
phone        -0.06  0.03  0.13 -0.06  0.00  0.02 -0.03  0.12  0.25 -0.02 0.104 0.90 2.5
close         0.01  0.05  0.07  0.02  0.18  0.00  0.05  0.00  0.15  0.05 0.065 0.93 2.9
breakfast     0.03 -0.05  0.05  0.46 -0.05  0.03  0.08  0.00  0.08 -0.06 0.238 0.76 1.2
hope          0.10  0.00  0.08  0.00  0.08  0.01  0.06 -0.08 -0.03  0.13 0.051 0.95 5.0
paper         0.11 -0.01  0.03 -0.02 -0.03  0.19 -0.18  0.03  0.02  0.02 0.085 0.91 2.9
room          0.18 -0.05 -0.02  0.05  0.05 -0.05  0.08  0.19  0.21 -0.14 0.150 0.85 4.7
break.        0.04  0.02 -0.04  0.17  0.16  0.00  0.05  0.09 -0.02  0.04 0.069 0.93 3.1
eat           0.00 -0.04 -0.01  0.69  0.04 -0.07 -0.01  0.05  0.01  0.04 0.483 0.52 1.1
test          0.37  0.05  0.06 -0.04 -0.02 -0.01 -0.06  0.03 -0.06  0.14 0.171 0.83 1.6
morning       0.08 -0.03  0.26  0.20 -0.01 -0.01  0.29  0.05 -0.01  0.11 0.214 0.79 3.4
told          0.00 -0.01  0.23 -0.09  0.22 -0.02  0.01 -0.06  0.21  0.00 0.156 0.84 3.4
people       -0.06  0.03  0.15  0.10  0.10  0.05 -0.05  0.05  0.16  0.39 0.231 0.77 2.2
decide        0.01 -0.03  0.05  0.14  0.12  0.13  0.14  0.14  0.09 -0.09 0.111 0.89 6.8
year          0.05 -0.02  0.02 -0.05  0.25 -0.01 -0.08  0.03  0.17  0.09 0.116 0.88 2.7
project      -0.04 -0.02  0.07 -0.10  0.13  0.37 -0.11  0.11 -0.21 -0.06 0.238 0.76 2.7
continue     -0.01  0.05  0.02 -0.03 -0.03  0.11  0.00  0.12  0.19  0.03 0.069 0.93 2.8
week          0.19  0.01  0.19 -0.02  0.21  0.03  0.10  0.06 -0.06  0.07 0.145 0.85 4.1
annoy        -0.08  0.01  0.29 -0.12 -0.03 -0.01  0.02 -0.03  0.05  0.23 0.159 0.84 2.6
note          0.26  0.28 -0.02  0.00 -0.07 -0.03 -0.03 -0.02  0.05  0.01 0.159 0.84 2.3
rest          0.08  0.03  0.07  0.01  0.01 -0.01  0.24  0.07  0.06 -0.01 0.080 0.92 1.8
wait          0.00 -0.02  0.27  0.17  0.07 -0.05  0.03 -0.04  0.05 -0.11 0.123 0.88 2.5
expect        0.04 -0.03  0.09  0.11  0.02  0.01  0.00  0.01  0.04  0.27 0.097 0.90 1.7
alone         0.07 -0.08 -0.14  0.13 -0.10  0.46  0.11 -0.02  0.18 -0.04 0.314 0.69 2.2
hour          0.13  0.07  0.18  0.09  0.06  0.02  0.08  0.04  0.00  0.05 0.078 0.92 3.9
stop          0.00  0.02  0.22 -0.01  0.00  0.00  0.03  0.01  0.22  0.04 0.100 0.90 2.1
understand    0.12  0.17  0.00 -0.06 -0.04  0.04 -0.03 -0.05  0.04  0.30 0.145 0.86 2.4
early         0.09  0.05  0.26  0.13 -0.04  0.00  0.25  0.04  0.03 -0.01 0.162 0.84 2.9
worry         0.19 -0.01  0.05 -0.04  0.08  0.10  0.10 -0.05 -0.01  0.00 0.069 0.93 3.1
minute        0.12  0.07  0.27  0.06 -0.07  0.00  0.03  0.07  0.16 -0.03 0.130 0.87 2.8
turn          0.03  0.03  0.13  0.00  0.05  0.08  0.02  0.10  0.07  0.02 0.042 0.96 4.0
mind          0.02  0.02 -0.07  0.01 -0.03  0.44  0.02 -0.01  0.12 -0.03 0.213 0.79 1.2
talk         -0.05  0.09 -0.01 -0.01  0.39 -0.12 -0.03 -0.04  0.21  0.23 0.271 0.73 2.7
hear         -0.06 -0.02  0.08 -0.05  0.15 -0.04 -0.02 -0.03  0.17  0.17 0.096 0.90 4.0
interest     -0.06  0.24  0.00 -0.03  0.07  0.08 -0.05  0.05  0.12  0.18 0.123 0.88 3.3
focus         0.07  0.16 -0.04  0.08 -0.05  0.23 -0.02  0.01  0.00  0.12 0.109 0.89 3.1
play         -0.06  0.03  0.04 -0.05  0.11  0.01 -0.07  0.54 -0.04  0.00 0.323 0.68 1.2
end           0.10  0.11  0.14  0.03  0.09  0.05  0.03  0.04  0.07 -0.01 0.060 0.94 4.9
text          0.01  0.05  0.05 -0.05  0.17 -0.07  0.15  0.04  0.15 -0.04 0.088 0.91 4.2
nice          0.07 -0.05  0.11  0.15  0.21 -0.08 -0.08  0.10  0.10  0.04 0.122 0.88 4.9
realize       0.10  0.05  0.15  0.00  0.07  0.10  0.08 -0.04  0.08 -0.01 0.065 0.94 5.2
ready         0.16 -0.04  0.14  0.10 -0.01 -0.01  0.11  0.05  0.02 -0.09 0.082 0.92 4.6
quick         0.13 -0.01  0.17  0.03  0.01 -0.06  0.08 -0.04  0.11  0.02 0.071 0.93 3.8
person        0.03  0.00  0.13 -0.09  0.05  0.02 -0.09 -0.01  0.17  0.10 0.075 0.93 4.2
order         0.00 -0.01  0.15  0.16  0.00  0.08 -0.03 -0.03  0.01  0.01 0.058 0.94 2.6
finish        0.11 -0.04  0.05  0.25  0.01  0.17  0.09  0.24 -0.12  0.12 0.199 0.80 4.7
write         0.18  0.09  0.07 -0.05 -0.06  0.14 -0.17  0.03  0.04  0.03 0.104 0.90 4.5
tire          0.02  0.06  0.01  0.00 -0.10  0.01  0.47  0.03 -0.05 -0.02 0.237 0.76 1.2
outside       0.03  0.06  0.16  0.09  0.03 -0.02  0.03 -0.01  0.15 -0.04 0.065 0.93 3.4
live         -0.01 -0.03 -0.10  0.08  0.18 -0.03 -0.02 -0.01  0.33  0.08 0.168 0.83 2.1
school        0.03  0.03  0.00  0.07  0.15 -0.03 -0.01  0.11  0.06  0.03 0.046 0.95 3.2
semester      0.20  0.14  0.03  0.02  0.31  0.06 -0.05 -0.01 -0.04 -0.13 0.179 0.82 2.8
laugh        -0.05  0.00  0.01 -0.05  0.15 -0.09  0.06  0.08  0.20  0.01 0.084 0.92 3.3
apartment    -0.01 -0.02 -0.02  0.10  0.04  0.00  0.04 -0.04  0.38 -0.05 0.162 0.84 1.3
together      0.04 -0.02  0.02  0.02  0.34 -0.02 -0.03 -0.05 -0.02 -0.01 0.124 0.88 1.1
group        -0.01  0.06  0.04 -0.05  0.25  0.04 -0.07  0.03 -0.05  0.05 0.082 0.92 1.7
surprise      0.06  0.02  0.05 -0.05  0.12 -0.04 -0.01 -0.01  0.20  0.03 0.064 0.94 2.4
walk          0.14 -0.06  0.25  0.15  0.01 -0.10  0.03 -0.05  0.15 -0.14 0.160 0.84 4.7
life         -0.03 -0.01 -0.09  0.02  0.18  0.04 -0.01  0.01  0.19  0.21 0.126 0.87 3.5
clean        -0.02 -0.04  0.05  0.08 -0.07  0.04  0.02  0.06  0.22 -0.04 0.074 0.93 2.1
emotion       0.03  0.05 -0.12  0.00  0.03  0.30  0.02  0.10  0.12  0.01 0.128 0.87 2.0
hard          0.14  0.13  0.02 -0.01  0.04  0.11  0.09  0.02  0.02  0.12 0.075 0.92 5.0
mood          0.08 -0.01  0.09  0.04  0.09 -0.08  0.09  0.11 -0.05  0.17 0.079 0.92 5.1
problem       0.12  0.09 -0.01 -0.06 -0.05  0.16  0.03 -0.07  0.02  0.23 0.113 0.89 3.3
lecture       0.11  0.54 -0.02  0.05 -0.02 -0.05  0.05 -0.02 -0.03  0.08 0.323 0.68 1.2
video        -0.08  0.01 -0.07 -0.03 -0.07  0.03  0.04  0.47  0.04  0.01 0.245 0.75 1.2
sad          -0.02 -0.02 -0.11  0.01  0.10 -0.02  0.04  0.06  0.11  0.25 0.102 0.90 2.5
night         0.06  0.06  0.08  0.01  0.13  0.08  0.42  0.01 -0.04  0.11 0.226 0.77 1.6
calm          0.20 -0.08 -0.09  0.05 -0.08  0.20  0.01  0.11  0.18 -0.14 0.163 0.84 5.7
bore         -0.07  0.23 -0.08 -0.07 -0.03  0.04  0.12  0.11 -0.01  0.02 0.099 0.90 2.9
topic         0.06  0.23 -0.08 -0.02  0.15  0.05 -0.05 -0.01  0.05  0.19 0.129 0.87 3.5
listen       -0.07  0.30 -0.06  0.03  0.02 -0.03 -0.01  0.08  0.00  0.18 0.142 0.86 2.1
game         -0.06  0.02  0.10 -0.09  0.06  0.01 -0.10  0.51 -0.12 -0.03 0.316 0.68 1.4
material      0.39  0.29 -0.03  0.00 -0.06 -0.05 -0.01 -0.04 -0.06  0.11 0.261 0.74 2.2
pay          -0.09  0.66  0.09 -0.04  0.00  0.05  0.06 -0.05 -0.01 -0.26 0.527 0.47 1.4
attention    -0.07  0.68  0.08 -0.04 -0.04  0.05  0.04  0.00  0.00 -0.24 0.534 0.47 1.3
sleep        -0.04  0.07  0.03  0.02 -0.06  0.15  0.55 -0.03 -0.10  0.15 0.368 0.63 1.5
coffee        0.01 -0.05  0.19  0.11  0.03 -0.05  0.10 -0.02  0.01 -0.02 0.067 0.93 2.7
wear         -0.02  0.04  0.06 -0.02 -0.07  0.03  0.28  0.01  0.12 -0.02 0.103 0.90 1.7
food         -0.07  0.01  0.03  0.58  0.01 -0.02 -0.04 -0.05  0.07  0.01 0.355 0.65 1.1
hungry       -0.07  0.04  0.02  0.62 -0.11  0.10  0.03 -0.05 -0.02  0.06 0.420 0.58 1.2
relax         0.17 -0.13 -0.12  0.15  0.02  0.03  0.17  0.39  0.05 -0.12 0.281 0.72 3.1
professor     0.28  0.54  0.03 -0.04  0.01 -0.09 -0.04  0.02 -0.06  0.10 0.394 0.61 1.7
shop         -0.05 -0.02  0.03  0.04  0.01  0.02  0.04 -0.02  0.08 -0.04 0.016 0.98 4.4
homework      0.12 -0.04 -0.07  0.04  0.01  0.04  0.13  0.13 -0.13  0.27 0.148 0.85 3.5
movie        -0.05 -0.06 -0.09  0.01 -0.02 -0.01  0.05  0.17  0.16  0.06 0.074 0.93 3.5
music        -0.03  0.07 -0.01  0.04  0.03  0.04  0.04  0.23 -0.01  0.11 0.078 0.92 2.0
neutral       0.04 -0.01 -0.17 -0.03 -0.05  0.14 -0.01 -0.07  0.02 -0.05 0.060 0.94 2.8
hand          0.12  0.04  0.05  0.02 -0.02  0.18 -0.10  0.01  0.09 -0.02 0.073 0.93 3.5
grade         0.40  0.07 -0.06 -0.01  0.08  0.14  0.03 -0.11 -0.13  0.04 0.226 0.77 1.9
bed           0.01 -0.02  0.00 -0.05 -0.06 -0.07  0.37  0.16  0.20 -0.12 0.226 0.77 2.5
roommate     -0.05 -0.02 -0.11  0.03  0.12  0.02  0.10  0.03  0.33 -0.03 0.152 0.85 1.9
library      -0.02 -0.03 -0.13  0.11  0.01  0.46  0.13 -0.12 -0.06  0.12 0.285 0.71 1.8
exam          0.55  0.07 -0.12  0.01  0.07 -0.05  0.04 -0.04 -0.06 -0.01 0.339 0.66 1.2
quiz          0.37  0.03  0.02 -0.04 -0.10 -0.13  0.07  0.00 -0.02  0.17 0.202 0.80 2.0
nap           0.00 -0.06 -0.02 -0.08 -0.05 -0.01  0.42  0.03  0.05  0.00 0.193 0.81 1.2
assignment    0.02  0.01 -0.08  0.06  0.07  0.39  0.19 -0.10 -0.13  0.10 0.237 0.76 2.3

                       RC6  RC2  RC1  RC7  RC3  RC4  RC8  RC5  RC9 RC10
SS loadings           2.87 2.64 2.53 2.51 2.51 2.45 2.24 2.18 2.11 1.92
Proportion Var        0.02 0.02 0.02 0.02 0.02 0.02 0.01 0.01 0.01 0.01
Cumulative Var        0.02 0.04 0.05 0.07 0.09 0.10 0.12 0.13 0.15 0.16
Proportion Explained  0.12 0.11 0.11 0.10 0.10 0.10 0.09 0.09 0.09 0.08
Cumulative Proportion 0.12 0.23 0.34 0.44 0.55 0.65 0.74 0.83 0.92 1.00

Mean item complexity =  2.9
Test of the hypothesis that 10 components are sufficient.

The root mean square of the residuals (RMSR) is  0.03 
 with the empirical chi square  66851.76  with prob <  0 

Fit based upon off diagonal values = 0.56