

KMO_TEST:

KMO_METRIC: 0.721220333653206
The KMO test yields a GOOD degree of common variance.

BARTLETT_SPHERICITY_TEST:


	Bartlett's test of sphericity

data:  InputData
X-squared = 32332, df = 4950, p-value < 2.2e-16



FACTOR_ANALYSIS_RESULTS:

Principal Components Analysis
Call: principal(r = InputData, nfactors = NumberOfFactors, residuals = FALSE, 
    rotate = "varimax", method = "regression")
Standardized loadings (pattern matrix) based upon correlation matrix
               RC1   RC2   RC3   RC4   RC5    h2   u2 com
relieve       0.06  0.06  0.09  0.13  0.11 0.043 0.96 3.8
frustrate    -0.06  0.02  0.24  0.17 -0.14 0.111 0.89 2.6
long          0.13  0.02  0.16  0.11  0.11 0.065 0.93 3.7
happy         0.19 -0.07  0.20 -0.01  0.35 0.204 0.80 2.3
place         0.08 -0.08  0.20  0.04  0.07 0.059 0.94 2.1
work          0.08 -0.06  0.24  0.42 -0.08 0.252 0.75 1.8
email        -0.01 -0.01  0.17  0.03 -0.08 0.037 0.96 1.5
lunch         0.42 -0.12 -0.01 -0.01  0.08 0.199 0.80 1.2
class         0.10  0.62 -0.06 -0.04  0.10 0.408 0.59 1.1
call         -0.06 -0.07  0.28  0.08  0.15 0.115 0.89 2.0
question     -0.06  0.33  0.22  0.04 -0.07 0.167 0.83 2.0
move          0.01  0.07  0.25  0.01  0.04 0.067 0.93 1.2
answer       -0.05  0.19  0.26 -0.02 -0.02 0.107 0.89 1.9
discuss      -0.06  0.06  0.25 -0.02  0.05 0.072 0.93 1.3
study         0.19  0.27  0.00  0.24 -0.04 0.168 0.83 2.8
enjoy         0.15  0.05  0.04 -0.06  0.28 0.112 0.89 1.8
thought       0.05  0.05  0.21  0.13  0.06 0.069 0.93 2.2
learn        -0.04  0.25  0.05  0.02 -0.01 0.067 0.93 1.1
prepare       0.21  0.20  0.00  0.11 -0.04 0.098 0.90 2.6
plan          0.11 -0.05  0.25  0.09  0.09 0.095 0.90 2.1
complete     -0.01 -0.05  0.16  0.44  0.07 0.221 0.78 1.3
train         0.09 -0.10  0.25 -0.02 -0.13 0.096 0.90 2.1
day           0.28  0.09  0.22  0.26  0.13 0.215 0.78 3.6
start         0.18  0.15  0.19  0.23  0.17 0.171 0.83 4.5
conversation  0.01 -0.04  0.30 -0.08  0.14 0.118 0.88 1.6
friend        0.14  0.02  0.23 -0.02  0.28 0.151 0.85 2.5
weekend       0.14  0.06  0.14  0.04  0.14 0.065 0.94 3.5
excite        0.16  0.01  0.16 -0.09  0.21 0.106 0.89 3.2
watch        -0.08 -0.07 -0.20  0.06  0.56 0.373 0.63 1.3
job          -0.06 -0.04  0.26  0.12 -0.02 0.085 0.92 1.6
nervous       0.05  0.26  0.08  0.05 -0.01 0.079 0.92 1.4
meet          0.08 -0.03  0.35  0.02  0.00 0.128 0.87 1.1
show         -0.02  0.02  0.04  0.04  0.35 0.129 0.87 1.1
stress        0.12  0.17  0.06  0.19 -0.03 0.087 0.91 3.0
left          0.20  0.01  0.15  0.05 -0.01 0.064 0.94 2.0
student      -0.01  0.13  0.24  0.08 -0.07 0.085 0.91 2.0
office        0.02  0.00  0.29  0.00 -0.08 0.093 0.91 1.2
breakfast     0.44 -0.08 -0.11  0.03  0.04 0.218 0.78 1.2
read         -0.02  0.14  0.06  0.03  0.05 0.029 0.97 1.8
due           0.03  0.09  0.07  0.35  0.01 0.136 0.86 1.2
leave         0.16  0.03  0.16  0.01  0.00 0.052 0.95 2.1
paper        -0.06  0.06  0.09  0.16 -0.06 0.042 0.96 2.5
room          0.13  0.06 -0.01 -0.01  0.24 0.079 0.92 1.7
break.        0.18  0.04  0.02  0.03  0.15 0.060 0.94 2.1
eat           0.61 -0.12 -0.14 -0.06  0.10 0.414 0.59 1.3
close         0.09  0.04  0.17  0.00  0.09 0.046 0.95 2.3
today         0.21  0.09  0.18  0.21 -0.01 0.128 0.87 3.4
lab           0.22 -0.04  0.25  0.12 -0.12 0.140 0.86 3.0
phone        -0.04 -0.02  0.19 -0.04  0.23 0.091 0.91 2.1
morning       0.35  0.05  0.08  0.15  0.01 0.154 0.85 1.5
told          0.05  0.00  0.39 -0.07  0.08 0.162 0.84 1.2
people        0.09  0.04  0.30  0.08  0.08 0.110 0.89 1.5
realize       0.10  0.09  0.17  0.12 -0.01 0.059 0.94 3.1
decide        0.19 -0.05  0.06  0.14  0.21 0.105 0.89 3.0
project      -0.14 -0.10  0.14  0.29  0.00 0.129 0.87 2.2
continue     -0.07  0.02  0.08  0.11  0.20 0.065 0.93 2.2
week          0.13  0.17  0.24  0.12  0.07 0.120 0.88 3.2
annoy        -0.02  0.02  0.28  0.02 -0.10 0.089 0.91 1.3
note          0.01  0.42 -0.05  0.01 -0.02 0.179 0.82 1.0
wait          0.23 -0.02  0.16 -0.06 -0.01 0.082 0.92 2.0
alone         0.04 -0.09 -0.09  0.43  0.12 0.215 0.79 1.4
hour          0.18  0.17  0.14  0.08  0.02 0.089 0.91 3.3
early         0.27  0.10  0.08  0.12  0.03 0.103 0.90 2.0
worry         0.07  0.11  0.09  0.15 -0.02 0.050 0.95 3.0
minute        0.14  0.15  0.14  0.05  0.05 0.067 0.93 3.4
talk          0.04  0.08  0.35 -0.16  0.24 0.213 0.79 2.4
ready         0.21  0.09  0.01  0.06  0.01 0.054 0.95 1.5
quick         0.15  0.10  0.12  0.01 -0.04 0.052 0.95 2.9
interest     -0.08  0.17  0.14  0.01  0.14 0.077 0.92 3.4
focus         0.01  0.15 -0.01  0.25 -0.02 0.083 0.92 1.7
write        -0.06  0.19  0.08  0.11 -0.07 0.065 0.93 2.6
mind         -0.07 -0.05  0.03  0.38  0.10 0.159 0.84 1.2
end           0.10  0.16  0.16  0.05  0.05 0.067 0.93 3.1
tire          0.12  0.09 -0.15  0.19  0.01 0.078 0.92 3.1
nice          0.19  0.04  0.18 -0.09  0.16 0.105 0.89 3.5
finish        0.21  0.05 -0.04  0.30  0.13 0.154 0.85 2.3
play         -0.07 -0.02  0.03  0.01  0.35 0.130 0.87 1.1
text          0.06  0.05  0.15 -0.06  0.16 0.058 0.94 2.8
walk          0.26  0.04  0.14 -0.07 -0.01 0.092 0.91 1.8
group        -0.04  0.05  0.19 -0.01  0.07 0.047 0.95 1.5
lecture       0.01  0.52 -0.06 -0.03  0.02 0.274 0.73 1.0
emotion      -0.07  0.00  0.00  0.26  0.22 0.121 0.88 2.1
night         0.15  0.09  0.07  0.23  0.07 0.095 0.91 2.5
problem      -0.06  0.16  0.05  0.22 -0.08 0.087 0.91 2.4
mood          0.11  0.09  0.09  0.02  0.10 0.040 0.96 4.0
video        -0.11 -0.04 -0.14  0.06  0.44 0.227 0.77 1.4
calm          0.03  0.04 -0.07  0.18  0.18 0.073 0.93 2.4
sleep         0.12  0.05 -0.09  0.34 -0.02 0.139 0.86 1.5
bore         -0.12  0.15 -0.07  0.05  0.14 0.064 0.94 3.5
listen       -0.02  0.23  0.00 -0.06  0.07 0.064 0.94 1.3
food          0.51 -0.09 -0.07 -0.05  0.03 0.275 0.72 1.1
material      0.04  0.50 -0.08  0.06 -0.08 0.262 0.74 1.1
professor    -0.04  0.63  0.02 -0.07  0.03 0.410 0.59 1.0
relax         0.16  0.00 -0.19  0.15  0.42 0.258 0.74 2.0
hungry        0.51 -0.09 -0.16  0.09 -0.04 0.308 0.69 1.3
library       0.02 -0.08 -0.02  0.48 -0.05 0.240 0.76 1.1
homework      0.05  0.09 -0.05  0.22  0.06 0.065 0.94 1.8
roommate      0.07 -0.07  0.07 -0.02  0.24 0.073 0.93 1.6
exam          0.12  0.41 -0.09  0.07 -0.03 0.196 0.80 1.4
assignment    0.03 -0.03 -0.02  0.44 -0.04 0.195 0.81 1.0

                       RC1  RC2  RC3  RC4  RC5
SS loadings           2.72 2.72 2.68 2.59 2.20
Proportion Var        0.03 0.03 0.03 0.03 0.02
Cumulative Var        0.03 0.05 0.08 0.11 0.13
Proportion Explained  0.21 0.21 0.21 0.20 0.17
Cumulative Proportion 0.21 0.42 0.63 0.83 1.00

Mean item complexity =  2.1
Test of the hypothesis that 5 components are sufficient.

The root mean square of the residuals (RMSR) is  0.03 
 with the empirical chi square  43283.27  with prob <  0 

Fit based upon off diagonal values = 0.57