

KMO_TEST:

KMO_METRIC: 0.687757745981325
The KMO test yields a DECENT degree of common variance.

BARTLETT_SPHERICITY_TEST:


	Bartlett's test of sphericity

data:  InputData
X-squared = 26127, df = 4950, p-value < 2.2e-16



FACTOR_ANALYSIS_RESULTS:

Principal Components Analysis
Call: principal(r = InputData, nfactors = NumberOfFactors, residuals = FALSE, 
    rotate = "varimax", method = "regression")
Standardized loadings (pattern matrix) based upon correlation matrix
               RC2   RC6  RC12   RC4  RC11   RC3   RC5   RC9   RC1  RC15   RC8  RC13  RC10   RC7  RC14   h2   u2 com
study         0.03  0.04  0.44  0.01  0.00  0.06 -0.05  0.33  0.10 -0.02  0.04  0.00 -0.02  0.06 -0.01 0.33 0.67 2.2
enjoy         0.10  0.19 -0.02 -0.01 -0.04  0.17  0.25  0.03  0.09  0.01 -0.02 -0.07  0.09 -0.16  0.03 0.19 0.81 4.9
thought      -0.02  0.04  0.00  0.09  0.11  0.13  0.02 -0.11 -0.02  0.03  0.08  0.10  0.32  0.18 -0.05 0.21 0.79 3.5
work         -0.16  0.02  0.00  0.11 -0.08 -0.09 -0.08  0.27  0.24  0.13  0.05  0.27  0.25  0.15  0.13 0.38 0.62 7.4
happy        -0.04  0.08 -0.09  0.07  0.00  0.34  0.06  0.18  0.15  0.01 -0.11  0.15 -0.04 -0.33  0.08 0.34 0.66 4.4
learn         0.25 -0.01  0.08 -0.04 -0.11  0.00  0.02  0.01  0.09  0.19  0.03 -0.11  0.02  0.07 -0.07 0.15 0.85 3.9
prepare       0.05  0.15  0.38  0.13  0.14 -0.11 -0.01 -0.02  0.02  0.15 -0.09 -0.02  0.02 -0.04  0.03 0.25 0.75 2.8
plan         -0.11 -0.05  0.08  0.10  0.14  0.11 -0.10  0.01  0.01  0.29  0.01  0.22 -0.06 -0.18 -0.06 0.25 0.75 5.1
complete     -0.04  0.00 -0.05  0.36  0.07 -0.10  0.08  0.10  0.02  0.23  0.12  0.10  0.02  0.16  0.09 0.27 0.73 3.7
train        -0.16 -0.07 -0.04 -0.08  0.15  0.03 -0.04 -0.13  0.38  0.05  0.08 -0.11  0.05  0.05  0.04 0.25 0.75 2.8
day          -0.02  0.05  0.10  0.14  0.24  0.05  0.06  0.09  0.28  0.04  0.19  0.11  0.04 -0.14  0.16 0.28 0.72 6.3
question      0.24 -0.06  0.19  0.04 -0.02  0.05  0.02  0.07  0.14  0.07 -0.15 -0.11 -0.06  0.20  0.38 0.35 0.65 4.4
move          0.01 -0.05  0.02  0.00  0.18  0.02  0.11 -0.10  0.15  0.17 -0.09  0.00  0.07  0.17  0.00 0.15 0.85 6.3
answer        0.16 -0.04  0.04  0.07  0.12  0.08  0.06 -0.04  0.11 -0.02 -0.17 -0.13 -0.08  0.17  0.50 0.40 0.60 2.5
discuss       0.07 -0.01  0.05  0.00 -0.10  0.10  0.01 -0.08 -0.02  0.48 -0.02  0.03 -0.04 -0.02 -0.01 0.27 0.73 1.3
watch        -0.07  0.04 -0.03  0.00 -0.07 -0.05  0.77  0.05 -0.06 -0.04  0.03  0.02 -0.04 -0.01 -0.05 0.62 0.38 1.1
frustrate    -0.04 -0.03  0.00  0.00  0.04  0.03 -0.03  0.10  0.02  0.11 -0.02 -0.01 -0.03  0.48  0.07 0.27 0.73 1.3
job          -0.11 -0.02  0.03  0.06 -0.07  0.08  0.03 -0.08 -0.01  0.26  0.09 -0.01  0.05  0.09  0.17 0.15 0.85 4.1
nervous       0.05 -0.06  0.35  0.03  0.10 -0.02 -0.02 -0.03 -0.11  0.09 -0.02  0.04  0.06 -0.15  0.23 0.24 0.76 3.1
call         -0.10 -0.03 -0.04  0.21  0.07  0.28  0.05 -0.07 -0.10  0.01 -0.01  0.02 -0.01  0.07  0.35 0.28 0.72 3.5
start         0.06  0.03  0.11  0.16  0.27  0.01  0.10  0.10  0.15  0.21  0.00  0.05  0.14 -0.07 -0.04 0.23 0.77 5.9
conversation -0.02  0.03 -0.04  0.03 -0.12  0.41 -0.03 -0.02  0.10  0.11 -0.06  0.04 -0.02  0.00  0.08 0.22 0.78 1.7
friend       -0.02  0.03  0.08  0.00  0.14  0.45  0.00  0.17 -0.22  0.19  0.05  0.15 -0.09 -0.12 -0.13 0.41 0.59 3.6
weekend      -0.02 -0.05  0.09 -0.07  0.04  0.06  0.00  0.02  0.11  0.08  0.07  0.43 -0.01 -0.14 -0.06 0.25 0.75 1.9
excite        0.07  0.05 -0.13 -0.10  0.06  0.13  0.01  0.08  0.00  0.17  0.02  0.16 -0.03 -0.38  0.07 0.27 0.73 3.2
show         -0.04  0.00  0.04 -0.03  0.02  0.04  0.52 -0.04  0.03  0.12  0.09 -0.08  0.04 -0.05  0.10 0.32 0.68 1.4
stress       -0.10 -0.01  0.43  0.04 -0.06  0.07 -0.03  0.02  0.05 -0.06  0.11  0.17  0.06  0.07  0.05 0.27 0.73 2.0
meet         -0.07 -0.03  0.04 -0.01  0.13  0.03 -0.06  0.04  0.14  0.47 -0.10  0.01 -0.07 -0.18  0.09 0.32 0.68 2.1
breakfast    -0.07  0.47  0.07  0.03  0.13 -0.03  0.04 -0.01  0.04 -0.05  0.07 -0.03  0.04 -0.05 -0.06 0.27 0.73 1.4
left          0.00  0.01 -0.07  0.04  0.45  0.03 -0.11  0.08  0.01 -0.04  0.00  0.02  0.00  0.01 -0.01 0.23 0.77 1.3
student       0.12  0.02  0.00  0.00  0.04  0.05 -0.03  0.04  0.03  0.27  0.04 -0.13  0.07  0.11  0.13 0.15 0.85 3.5
relieve       0.00 -0.02  0.01  0.04  0.05  0.02  0.04  0.16 -0.03 -0.05  0.02  0.19 -0.02 -0.09  0.29 0.17 0.83 3.0
email        -0.08 -0.02 -0.03 -0.01  0.01 -0.01 -0.04 -0.05  0.09 -0.03 -0.06 -0.01  0.23 -0.04  0.29 0.16 0.84 2.7
read          0.07  0.00  0.05  0.04  0.10  0.10  0.06 -0.02  0.00 -0.01 -0.06 -0.22  0.49 -0.06 -0.10 0.33 0.67 1.9
due          -0.05 -0.07  0.10  0.04  0.06 -0.01  0.05  0.46  0.03  0.06  0.06 -0.04  0.17  0.03  0.00 0.27 0.73 1.7
leave         0.05 -0.02 -0.11 -0.03  0.40 -0.01 -0.03  0.05  0.09  0.08  0.00 -0.03 -0.06  0.03 -0.09 0.21 0.79 1.6
paper        -0.02 -0.03 -0.05  0.01 -0.02 -0.10 -0.09  0.14 -0.04  0.01 -0.13  0.10  0.48 -0.09  0.13 0.33 0.67 1.9
room          0.04 -0.03  0.03  0.06  0.30  0.01  0.14  0.09  0.10 -0.11 -0.22  0.08  0.03 -0.09 -0.29 0.30 0.70 4.7
today         0.06  0.08  0.01  0.07  0.14 -0.06  0.02  0.05  0.33  0.13  0.15  0.04  0.07  0.06  0.01 0.20 0.80 3.0
lab          -0.09  0.03 -0.02 -0.06  0.04  0.04 -0.10  0.10  0.52  0.03  0.11 -0.01  0.03  0.05  0.07 0.32 0.68 1.5
phone        -0.02 -0.01 -0.09  0.11  0.11  0.29  0.14 -0.10 -0.08 -0.18 -0.05  0.09  0.04  0.13  0.20 0.26 0.74 5.8
close        -0.03  0.02  0.05 -0.04  0.18  0.29  0.01  0.06 -0.14  0.02  0.10 -0.02  0.03  0.07 -0.02 0.16 0.84 3.0
break.        0.03  0.19  0.05 -0.02 -0.05  0.10  0.05  0.10 -0.03 -0.06 -0.06  0.35  0.00  0.05 -0.01 0.19 0.81 2.3
eat          -0.03  0.73  0.04 -0.04  0.03  0.04  0.05  0.05  0.00 -0.03 -0.04  0.08 -0.02 -0.04 -0.04 0.56 0.44 1.1
lunch         0.02  0.54 -0.06  0.10  0.02 -0.01  0.00 -0.03  0.05  0.08 -0.10  0.21 -0.10  0.02  0.06 0.38 0.62 1.7
morning      -0.04  0.15  0.10 -0.04  0.13  0.08  0.04  0.09  0.37 -0.10  0.28 -0.03  0.02 -0.01 -0.03 0.30 0.70 3.4
told         -0.07 -0.09  0.00 -0.01  0.17  0.33 -0.05 -0.15  0.12  0.09  0.04  0.05  0.06  0.00  0.07 0.22 0.78 3.3
people        0.00  0.09 -0.05 -0.10  0.03  0.28  0.10  0.23  0.13  0.18  0.00 -0.18  0.18  0.17 -0.04 0.31 0.69 7.0
decide       -0.02  0.12 -0.09  0.12  0.22 -0.01  0.09  0.04 -0.04  0.02  0.05  0.26  0.01 -0.03 -0.04 0.17 0.83 3.8
long         -0.02  0.08 -0.04 -0.08  0.02  0.03  0.11  0.11  0.03  0.08  0.12  0.19  0.03  0.02  0.18 0.13 0.87 6.0
project      -0.01 -0.07 -0.18  0.24 -0.09 -0.25 -0.02  0.05  0.09  0.30 -0.08  0.19  0.08  0.02  0.10 0.33 0.67 5.8
wait         -0.04  0.15 -0.07 -0.10  0.29  0.00 -0.02 -0.06 -0.01  0.09  0.08  0.02 -0.02 -0.05  0.17 0.17 0.83 3.4
alone        -0.05  0.08  0.02  0.60  0.12 -0.04 -0.02  0.07 -0.04 -0.05  0.06 -0.11  0.02 -0.03 -0.08 0.42 0.58 1.3
place        -0.13  0.09  0.03 -0.02  0.03  0.12  0.09 -0.02  0.04  0.24  0.00  0.01  0.02  0.09 -0.09 0.12 0.88 3.8
hour          0.08  0.10  0.08 -0.09  0.18  0.03  0.07  0.10 -0.05  0.04  0.13  0.06  0.05  0.06  0.20 0.15 0.85 6.9
continue      0.00 -0.04  0.03  0.18 -0.03  0.19  0.18  0.01  0.09 -0.04  0.00 -0.13  0.05  0.01  0.05 0.14 0.86 5.0
week          0.06 -0.06  0.11 -0.04  0.03  0.06 -0.02  0.06  0.18  0.10  0.09  0.31  0.03 -0.06  0.14 0.20 0.80 3.6
annoy         0.03 -0.03 -0.14 -0.11  0.05  0.04 -0.01  0.00  0.18  0.06 -0.04  0.10 -0.04  0.47  0.05 0.31 0.69 1.9
note          0.30 -0.02  0.27 -0.03  0.02 -0.07  0.02 -0.08 -0.01  0.01  0.02  0.01  0.21  0.00 -0.04 0.22 0.78 3.2
early         0.07  0.06  0.02  0.03  0.31  0.04  0.03  0.01  0.18 -0.08  0.27 -0.05  0.01 -0.04  0.06 0.23 0.77 3.3
worry        -0.03 -0.02  0.25  0.12 -0.03 -0.01 -0.07 -0.13  0.06  0.04  0.07  0.28  0.02  0.11 -0.04 0.20 0.80 3.8
minute        0.06  0.06  0.07  0.02  0.31 -0.03  0.12 -0.10  0.01  0.00 -0.01  0.05  0.11  0.18  0.13 0.20 0.80 3.6
mind         -0.02  0.02  0.02  0.53 -0.06  0.01 -0.04 -0.03 -0.05  0.03  0.04  0.05  0.07  0.06  0.06 0.31 0.69 1.2
interest      0.23  0.00 -0.08  0.03 -0.12  0.15  0.10 -0.12  0.07  0.16  0.11 -0.07  0.33 -0.05 -0.04 0.29 0.71 4.9
focus         0.14  0.04  0.01  0.14 -0.10 -0.03 -0.06  0.18  0.10  0.01  0.03 -0.02  0.28  0.00 -0.06 0.19 0.81 4.1
talk          0.11  0.00 -0.01 -0.03 -0.07  0.57 -0.05 -0.02  0.08  0.10 -0.06  0.08 -0.04 -0.01 -0.04 0.38 0.62 1.3
end           0.13  0.04  0.01  0.02  0.20  0.00  0.03  0.01 -0.02  0.13  0.01  0.11 -0.01  0.04  0.16 0.12 0.88 4.6
tire          0.07  0.02  0.02  0.00 -0.03 -0.10  0.07 -0.05  0.03 -0.12  0.51  0.13 -0.04 -0.05  0.03 0.32 0.68 1.5
write         0.06 -0.05  0.04 -0.07 -0.02 -0.08 -0.03  0.09 -0.04 -0.02 -0.07  0.07  0.53  0.01  0.10 0.33 0.67 1.4
play          0.08 -0.10 -0.18  0.07  0.12  0.06  0.28  0.17  0.02 -0.01 -0.15  0.02 -0.06 -0.09 -0.04 0.21 0.79 5.1
text          0.04 -0.02 -0.03 -0.05  0.11  0.23  0.03 -0.13 -0.09 -0.03  0.15  0.25  0.08 -0.01 -0.03 0.19 0.81 4.6
nice          0.03  0.13  0.05 -0.01  0.02  0.14  0.03  0.00  0.26  0.03 -0.25  0.18 -0.01 -0.03 -0.06 0.21 0.79 4.3
ready         0.01  0.06  0.10 -0.02  0.20 -0.17  0.05  0.00  0.19  0.07  0.04  0.04 -0.02 -0.12 -0.02 0.14 0.86 5.1
finish        0.05  0.16 -0.03  0.09  0.05 -0.06  0.08  0.46  0.09 -0.06  0.01  0.04  0.02 -0.10  0.18 0.32 0.68 2.1
walk         -0.08  0.06  0.13 -0.03  0.38  0.05 -0.04 -0.06  0.08 -0.05 -0.06 -0.04 -0.04 -0.05  0.03 0.20 0.80 1.8
quick         0.01  0.01  0.07 -0.05  0.27  0.03 -0.08  0.00 -0.02 -0.13 -0.01  0.19  0.05  0.16  0.03 0.17 0.83 3.7
realize      -0.01  0.01  0.03 -0.03  0.21  0.00 -0.03  0.01 -0.08  0.03  0.03  0.26  0.21  0.20 -0.05 0.21 0.79 4.3
class         0.58 -0.03  0.22 -0.08  0.20 -0.03  0.02  0.06 -0.08 -0.05  0.05  0.07  0.02 -0.08  0.03 0.47 0.53 1.8
group         0.09 -0.02 -0.08 -0.05  0.03  0.03  0.03  0.05 -0.03  0.31 -0.12  0.14  0.06  0.07 -0.10 0.17 0.83 2.9
hard          0.11 -0.02  0.16  0.09 -0.07  0.10  0.00 -0.01  0.10 -0.06  0.14  0.12  0.20  0.13 -0.11 0.18 0.82 8.5
lecture       0.61  0.02  0.03 -0.02  0.04 -0.01 -0.05  0.01 -0.04  0.02  0.10 -0.03  0.05  0.01  0.02 0.40 0.60 1.1
mood          0.15  0.01  0.01  0.06 -0.06  0.01  0.03 -0.02  0.43 -0.02 -0.08  0.16 -0.13  0.03 -0.11 0.28 0.72 2.2
emotion       0.06 -0.02  0.02  0.48 -0.07  0.09  0.07 -0.03  0.04 -0.02 -0.01 -0.02 -0.07 -0.04  0.00 0.27 0.73 1.3
problem       0.12 -0.03  0.09  0.13 -0.02  0.07 -0.08  0.20 -0.05 -0.03  0.03 -0.02 -0.04  0.35  0.02 0.22 0.78 2.8
calm         -0.04  0.00  0.12  0.30  0.01  0.00  0.08 -0.03  0.10 -0.20 -0.08  0.07  0.17 -0.14  0.02 0.22 0.78 4.5
video         0.00 -0.01 -0.08  0.02 -0.06 -0.09  0.57  0.02 -0.09  0.00  0.04  0.09 -0.06  0.05 -0.01 0.37 0.63 1.3
sleep         0.08  0.03 -0.03  0.13  0.00 -0.05 -0.01  0.09  0.11 -0.01  0.56  0.00 -0.08  0.03 -0.05 0.38 0.62 1.4
night         0.05 -0.01  0.05  0.03  0.03  0.12  0.03  0.09  0.11  0.05  0.47  0.10 -0.04 -0.02 -0.02 0.28 0.72 1.5
listen        0.38  0.02 -0.14  0.04 -0.11  0.15 -0.09  0.00  0.09 -0.09  0.02  0.02  0.04 -0.02 -0.02 0.22 0.78 2.3
bore          0.35 -0.07 -0.23  0.15  0.02 -0.08  0.06 -0.07 -0.01 -0.01  0.06  0.16 -0.06  0.05 -0.08 0.26 0.74 3.6
food         -0.03  0.60  0.01 -0.02  0.02  0.06 -0.03 -0.04  0.05 -0.01  0.01 -0.01  0.02 -0.04 -0.03 0.38 0.62 1.1
material      0.34 -0.02  0.42 -0.02 -0.04 -0.09  0.00  0.00  0.05  0.03  0.02 -0.03  0.03  0.06 -0.02 0.31 0.69 2.2
professor     0.66 -0.05  0.13 -0.05  0.06  0.00 -0.01  0.01 -0.07  0.05 -0.01 -0.03  0.04  0.02  0.16 0.50 0.50 1.3
relax        -0.02  0.08  0.10  0.21  0.02 -0.02  0.33  0.11  0.17 -0.24 -0.07  0.21 -0.10 -0.19 -0.08 0.37 0.63 6.4
hungry        0.01  0.66 -0.05  0.05  0.04 -0.07 -0.03  0.07 -0.01  0.01  0.12 -0.10 -0.01  0.00  0.04 0.48 0.52 1.2
homework      0.04 -0.04  0.04 -0.10 -0.04  0.03  0.03  0.55  0.01 -0.11  0.01  0.16 -0.04  0.12 -0.06 0.38 0.62 1.5
roommate     -0.01  0.04 -0.05  0.11  0.15  0.18  0.09 -0.02  0.02  0.01 -0.13  0.08 -0.03  0.06 -0.34 0.22 0.78 3.3
library      -0.06  0.06 -0.02  0.41  0.01 -0.03 -0.16  0.31 -0.13  0.14  0.18 -0.12 -0.02  0.02 -0.02 0.39 0.61 3.7
assignment   -0.05  0.03  0.03  0.17  0.05 -0.07 -0.02  0.35 -0.15  0.23  0.27  0.00  0.05  0.10 -0.11 0.34 0.66 4.6
exam          0.11 -0.03  0.63 -0.04 -0.02 -0.01  0.00  0.09 -0.03 -0.02 -0.02  0.06 -0.10  0.00 -0.02 0.43 0.57 1.2

                       RC2  RC6 RC12  RC4 RC11  RC3  RC5  RC9  RC1 RC15  RC8 RC13 RC10  RC7 RC14
SS loadings           2.24 2.22 1.95 1.90 1.88 1.86 1.82 1.77 1.75 1.75 1.71 1.69 1.62 1.61 1.58
Proportion Var        0.02 0.02 0.02 0.02 0.02 0.02 0.02 0.02 0.02 0.02 0.02 0.02 0.02 0.02 0.02
Cumulative Var        0.02 0.04 0.06 0.08 0.10 0.12 0.14 0.16 0.17 0.19 0.21 0.23 0.24 0.26 0.27
Proportion Explained  0.08 0.08 0.07 0.07 0.07 0.07 0.07 0.06 0.06 0.06 0.06 0.06 0.06 0.06 0.06
Cumulative Proportion 0.08 0.16 0.23 0.30 0.37 0.44 0.51 0.57 0.64 0.70 0.76 0.82 0.88 0.94 1.00

Mean item complexity =  3.2
Test of the hypothesis that 15 components are sufficient.

The root mean square of the residuals (RMSR) is  0.03 
 with the empirical chi square  42116.1  with prob <  0 

Fit based upon off diagonal values = 0.43