

KMO_TEST:

KMO_METRIC: 0.702963297282004
The KMO test yields a GOOD degree of common variance.

BARTLETT_SPHERICITY_TEST:


	Bartlett's test of sphericity

data:  InputData
X-squared = 29239, df = 5050, p-value < 2.2e-16



FACTOR_ANALYSIS_RESULTS:

Principal Components Analysis
Call: principal(r = InputData, nfactors = NumberOfFactors, residuals = FALSE, 
    rotate = "varimax", method = "regression")
Standardized loadings (pattern matrix) based upon correlation matrix
               RC2   RC6   RC7   RC9   RC1   RC4   RC8   RC3   RC5  RC10    h2   u2 com
place        -0.06  0.07  0.20  0.03  0.05  0.04 -0.05  0.09  0.01  0.02 0.065 0.93 2.4
relieve      -0.04 -0.01  0.06  0.07  0.08  0.06  0.15  0.03  0.11  0.04 0.057 0.94 4.5
frustrate     0.01 -0.05 -0.01  0.01  0.10  0.11 -0.02  0.35 -0.08  0.00 0.152 0.85 1.6
long          0.00  0.07  0.11  0.07  0.20  0.00 -0.01  0.10  0.10  0.01 0.083 0.92 3.4
happy        -0.10  0.14  0.40  0.02  0.06 -0.03  0.06 -0.07  0.20  0.05 0.247 0.75 2.2
work         -0.17  0.00  0.03  0.02  0.41  0.14  0.06  0.17 -0.04  0.31 0.352 0.65 3.0
email        -0.10  0.00 -0.06  0.09 -0.04 -0.05  0.04  0.22  0.03  0.21 0.120 0.88 3.3
lunch        -0.04  0.51  0.12  0.04  0.00  0.04  0.00  0.01  0.03  0.00 0.279 0.72 1.2
class         0.56 -0.02 -0.02  0.18  0.02 -0.08  0.26 -0.12  0.04  0.00 0.437 0.56 1.8
call         -0.11 -0.02  0.16  0.09 -0.19  0.20  0.08  0.28  0.16 -0.05 0.235 0.76 5.2
question      0.18 -0.02 -0.05 -0.02 -0.04 -0.02  0.27  0.44  0.07  0.04 0.314 0.69 2.2
move          0.03 -0.06  0.07  0.20  0.00 -0.03 -0.03  0.18  0.07  0.09 0.096 0.90 3.4
answer        0.08  0.00 -0.07  0.13 -0.18 -0.02  0.17  0.47  0.16  0.02 0.332 0.67 2.2
discuss       0.13 -0.03  0.32 -0.08  0.00  0.05 -0.04  0.12 -0.08  0.03 0.152 0.85 2.1
study         0.06  0.08  0.01 -0.05  0.26  0.05  0.44  0.04 -0.05 -0.01 0.281 0.72 1.9
enjoy         0.11  0.23  0.12 -0.02  0.01 -0.08 -0.02  0.05  0.28  0.05 0.166 0.83 3.0
thought       0.05  0.00  0.09  0.20  0.01  0.13 -0.04  0.06  0.02  0.16 0.098 0.90 3.7
learn         0.30 -0.01  0.04 -0.07  0.08 -0.01  0.00  0.09 -0.04  0.02 0.113 0.89 1.6
prepare       0.05  0.16 -0.01  0.13 -0.05  0.09  0.34  0.01 -0.05  0.09 0.182 0.82 2.3
plan         -0.11 -0.06  0.36  0.14  0.08  0.11  0.09 -0.08 -0.09  0.01 0.202 0.80 2.4
complete     -0.03 -0.02  0.03  0.10  0.15  0.42 -0.03  0.14  0.08  0.08 0.241 0.76 1.9
train        -0.16 -0.06 -0.03  0.27  0.10 -0.12 -0.10  0.18 -0.05  0.01 0.174 0.83 3.9
day          -0.05  0.07  0.08  0.34  0.24  0.10  0.15  0.08  0.12  0.01 0.243 0.76 3.4
start         0.08  0.04  0.14  0.28  0.13  0.14  0.10 -0.02  0.10  0.19 0.198 0.80 4.7
conversation -0.02  0.04  0.36 -0.08 -0.04 -0.01  0.01  0.20  0.04 -0.04 0.185 0.82 1.8
friend        0.06  0.04  0.54  0.02  0.02  0.11  0.09 -0.11  0.00 -0.13 0.342 0.66 1.4
weekend      -0.06 -0.09  0.26  0.11  0.25 -0.10  0.13 -0.15  0.02 -0.01 0.204 0.80 4.4
excite        0.05  0.08  0.33  0.08  0.07 -0.09 -0.05 -0.12  0.05  0.04 0.159 0.84 2.0
watch        -0.02  0.03 -0.08 -0.11  0.09 -0.02 -0.11 -0.07  0.69 -0.07 0.522 0.48 1.2
job          -0.05 -0.04  0.11 -0.01  0.02  0.12 -0.02  0.27 -0.01  0.01 0.106 0.89 1.9
nervous       0.06 -0.04  0.04  0.09 -0.09  0.03  0.38  0.03 -0.03  0.08 0.175 0.82 1.5
show          0.03  0.01  0.01  0.04  0.05 -0.02 -0.05  0.08  0.43 -0.02 0.202 0.80 1.2
stress       -0.06 -0.03  0.03  0.02  0.16  0.05  0.41  0.04 -0.03 -0.03 0.205 0.80 1.4
meet         -0.07  0.00  0.31  0.11  0.05  0.00  0.03  0.13 -0.10  0.12 0.157 0.84 2.5
left         -0.03  0.03  0.04  0.37 -0.01  0.05  0.00 -0.03 -0.06  0.02 0.152 0.85 1.2
student       0.16  0.03  0.07  0.03  0.03  0.08 -0.03  0.29 -0.06  0.08 0.135 0.87 2.4
read          0.15  0.03 -0.02  0.11 -0.10  0.02 -0.01 -0.01  0.07  0.36 0.181 0.82 1.9
due           0.00 -0.01  0.00 -0.04  0.32  0.14  0.11  0.04  0.03  0.21 0.183 0.82 2.6
office       -0.08 -0.02  0.03  0.05  0.09 -0.10  0.03  0.39  0.03 -0.03 0.183 0.82 1.4
breakfast    -0.05  0.46 -0.04  0.15  0.04  0.03  0.02 -0.08  0.02 -0.02 0.249 0.75 1.4
leave         0.03  0.00  0.05  0.34  0.03 -0.01 -0.10 -0.01 -0.04 -0.02 0.133 0.87 1.3
paper        -0.01 -0.02 -0.02  0.02  0.03  0.02  0.02 -0.03 -0.04  0.53 0.282 0.72 1.0
today         0.06  0.08  0.00  0.24  0.27  0.06 -0.02  0.13  0.01  0.06 0.165 0.83 3.0
lab          -0.12  0.06  0.03  0.18  0.33 -0.10 -0.01  0.21 -0.07  0.03 0.219 0.78 3.1
phone        -0.04 -0.02  0.11  0.12 -0.18  0.05  0.03  0.18  0.25 -0.05 0.163 0.84 4.2
close         0.05  0.03  0.19  0.13 -0.02  0.06  0.03  0.05  0.00 -0.08 0.069 0.93 2.9
room         -0.02  0.00  0.07  0.21  0.01 -0.07  0.08 -0.25  0.18  0.12 0.168 0.83 4.1
break.        0.00  0.15  0.16 -0.06  0.13 -0.05  0.13 -0.05  0.09  0.01 0.101 0.90 5.3
eat          -0.03  0.71  0.07  0.03  0.04 -0.05  0.03 -0.07  0.04 -0.03 0.527 0.47 1.1
decide       -0.04  0.08  0.12  0.22  0.08  0.13 -0.03 -0.14  0.12  0.03 0.132 0.87 5.0
project      -0.05 -0.10  0.05 -0.02  0.11  0.24 -0.14  0.04 -0.01  0.28 0.185 0.82 3.4
morning      -0.03  0.17 -0.04  0.24  0.35 -0.06  0.06  0.08  0.05 -0.13 0.244 0.76 3.1
told         -0.05 -0.10  0.29  0.25 -0.05 -0.03  0.01  0.16  0.00 -0.03 0.187 0.81 3.0
people        0.10  0.13  0.19 -0.01  0.17  0.00 -0.12  0.26  0.06  0.14 0.197 0.80 4.9
continue      0.00 -0.02  0.03  0.00 -0.03  0.13  0.05  0.13  0.25  0.00 0.098 0.90 2.2
week          0.03 -0.07  0.17  0.14  0.26 -0.06  0.18  0.09  0.03  0.03 0.169 0.83 4.0
annoy         0.03 -0.06  0.02  0.09  0.14 -0.07 -0.13  0.32 -0.04 -0.01 0.162 0.84 2.2
note          0.33 -0.03 -0.07  0.06 -0.01 -0.06  0.22 -0.05 -0.02  0.13 0.192 0.81 2.5
wait         -0.02  0.14  0.06  0.31 -0.03 -0.03 -0.06  0.06 -0.04 -0.04 0.132 0.87 1.7
alone        -0.07  0.10 -0.07  0.11 -0.07  0.55  0.08 -0.08  0.09  0.02 0.363 0.64 1.4
hour          0.12  0.10  0.01  0.17  0.12 -0.01  0.09  0.16  0.05 -0.01 0.102 0.90 5.3
interest      0.30 -0.01  0.13  0.01  0.00  0.04 -0.16  0.07  0.09  0.18 0.179 0.82 3.1
focus         0.15  0.06 -0.03 -0.06  0.15  0.15  0.03 -0.02 -0.03  0.27 0.149 0.85 3.4
early         0.06  0.08 -0.07  0.38  0.15  0.04  0.02  0.04  0.06 -0.13 0.204 0.80 2.0
worry        -0.02 -0.08  0.07  0.09  0.10  0.09  0.24 -0.01 -0.07 -0.02 0.100 0.90 2.9
minute        0.09  0.04 -0.05  0.34 -0.06  0.03  0.06  0.10  0.10  0.07 0.162 0.84 1.9
mind         -0.04  0.01  0.02  0.01 -0.07  0.49  0.10  0.05  0.06  0.07 0.263 0.74 1.2
talk          0.12  0.01  0.52 -0.04 -0.04 -0.06  0.04  0.12  0.05 -0.10 0.316 0.68 1.4
realize       0.04 -0.04  0.08  0.23  0.09  0.04  0.03 -0.02 -0.06  0.16 0.102 0.90 2.9
ready        -0.01  0.06 -0.05  0.24  0.13 -0.06  0.07 -0.08  0.01  0.04 0.099 0.90 2.5
quick        -0.01 -0.01  0.01  0.27  0.02 -0.04  0.12  0.00 -0.05  0.02 0.094 0.91 1.6
play          0.03 -0.05  0.11  0.03  0.01  0.02 -0.09 -0.07  0.33  0.06 0.147 0.85 1.7
end           0.13  0.02  0.09  0.21  0.00  0.05  0.05  0.08  0.02  0.02 0.080 0.92 2.8
text          0.06 -0.07  0.22  0.18  0.00 -0.02 -0.02 -0.08  0.05 -0.08 0.106 0.89 3.2
nice         -0.05  0.13  0.23  0.04  0.06 -0.17  0.12  0.03  0.10  0.10 0.146 0.85 4.6
write         0.11 -0.05 -0.07  0.04  0.05 -0.04  0.06  0.02 -0.03  0.49 0.268 0.73 1.3
tire          0.11 -0.02 -0.16  0.14  0.26  0.10 -0.02 -0.10  0.04 -0.26 0.214 0.79 4.4
finish        0.00  0.22 -0.03 -0.01  0.28  0.12  0.10 -0.01  0.16  0.15 0.201 0.80 4.1
walk         -0.09  0.09  0.03  0.35 -0.09 -0.07  0.15  0.00 -0.02 -0.03 0.177 0.82 1.9
group         0.13 -0.05  0.25 -0.01  0.05  0.00 -0.11  0.00 -0.04  0.18 0.128 0.87 3.1
emotion       0.01 -0.01  0.06 -0.02 -0.09  0.37  0.10  0.01  0.19 -0.04 0.202 0.80 1.9
problem       0.14 -0.03 -0.03 -0.08  0.09  0.21  0.12  0.18 -0.06 -0.04 0.132 0.87 4.6
hard          0.14 -0.04  0.03  0.04  0.17  0.08  0.12  0.02  0.02  0.05 0.076 0.92 4.0
mood          0.04  0.00  0.08  0.05  0.21 -0.11  0.05  0.02  0.10 -0.03 0.082 0.92 2.9
night         0.12 -0.02  0.09  0.14  0.35  0.15  0.00 -0.01  0.00 -0.22 0.232 0.77 3.0
lecture       0.61  0.01 -0.04  0.06  0.01  0.00  0.04  0.00 -0.03 -0.01 0.377 0.62 1.0
video         0.03 -0.02 -0.07 -0.08  0.07  0.03 -0.12 -0.04  0.51 -0.06 0.302 0.70 1.3
listen        0.33  0.03  0.07 -0.04  0.01 -0.02 -0.07  0.01  0.01  0.00 0.123 0.88 1.2
calm         -0.09  0.01 -0.04  0.09 -0.05  0.15  0.22 -0.14  0.20  0.17 0.176 0.82 5.6
bore          0.29 -0.11 -0.01  0.07  0.01  0.12 -0.17 -0.11  0.10 -0.05 0.171 0.83 3.3
sleep         0.14  0.01 -0.11  0.13  0.36  0.27 -0.09 -0.03 -0.03 -0.28 0.339 0.66 3.9
material      0.35 -0.02 -0.11 -0.02  0.07 -0.04  0.36  0.03 -0.05  0.00 0.278 0.72 2.4
food         -0.01  0.59  0.06  0.07 -0.01 -0.01 -0.02 -0.03 -0.04 -0.03 0.362 0.64 1.1
professor     0.64 -0.04 -0.02  0.06 -0.06 -0.06  0.17  0.09  0.01  0.04 0.466 0.53 1.3
hungry        0.04  0.65 -0.08  0.07  0.04  0.13 -0.08  0.00 -0.06 -0.04 0.470 0.53 1.2
relax        -0.11  0.10 -0.01  0.03  0.15  0.02  0.20 -0.25  0.43 -0.03 0.334 0.67 2.7
homework      0.03  0.00  0.02 -0.17  0.40 -0.02  0.12 -0.05  0.06  0.05 0.215 0.78 1.7
roommate     -0.02  0.02  0.23  0.08 -0.04  0.05 -0.06 -0.15  0.11 -0.01 0.102 0.90 3.0
library      -0.01  0.08  0.01 -0.05  0.11  0.55  0.01 -0.01 -0.13  0.00 0.346 0.65 1.3
exam          0.13 -0.01 -0.01 -0.07  0.08 -0.05  0.59 -0.05 -0.05 -0.09 0.395 0.61 1.3
assignment    0.04  0.03  0.02 -0.06  0.29  0.39 -0.04 -0.04 -0.11  0.02 0.254 0.75 2.2

                       RC2  RC6  RC7  RC9  RC1  RC4  RC8  RC3  RC5 RC10
SS loadings           2.29 2.22 2.19 2.16 2.15 2.05 2.05 1.99 1.96 1.64
Proportion Var        0.02 0.02 0.02 0.02 0.02 0.02 0.02 0.02 0.02 0.02
Cumulative Var        0.02 0.04 0.07 0.09 0.11 0.13 0.15 0.17 0.19 0.21
Proportion Explained  0.11 0.11 0.11 0.10 0.10 0.10 0.10 0.10 0.09 0.08
Cumulative Proportion 0.11 0.22 0.32 0.43 0.53 0.63 0.73 0.83 0.92 1.00

Mean item complexity =  2.6
Test of the hypothesis that 10 components are sufficient.

The root mean square of the residuals (RMSR) is  0.03 
 with the empirical chi square  41391.43  with prob <  0 

Fit based upon off diagonal values = 0.52