

KMO_TEST:

KMO_METRIC: 0.710592466342076
The KMO test yields a GOOD degree of common variance.

BARTLETT_SPHERICITY_TEST:


	Bartlett's test of sphericity

data:  InputData
X-squared = 57660, df = 11175, p-value < 2.2e-16



FACTOR_ANALYSIS_RESULTS:

Principal Components Analysis
Call: principal(r = InputData, nfactors = NumberOfFactors, residuals = FALSE, 
    rotate = "varimax", method = "regression")
Standardized loadings (pattern matrix) based upon correlation matrix
               RC6   RC2   RC7   RC9   RC1  RC10   RC3   RC4   RC8   RC5    h2   u2 com
relieve       0.13 -0.05  0.01  0.00  0.06  0.07  0.08  0.07  0.04  0.12 0.056 0.94 5.0
frustrate     0.05  0.00 -0.06  0.07  0.05  0.09 -0.05  0.34  0.02 -0.07 0.142 0.86 1.6
long          0.02  0.00  0.09  0.06  0.07  0.03  0.09  0.16  0.11  0.10 0.075 0.93 5.3
happy         0.00 -0.07  0.16  0.22  0.05  0.03  0.27 -0.03  0.00  0.20 0.196 0.80 3.9
issue         0.01  0.02 -0.05  0.04  0.02  0.11  0.06  0.24  0.00  0.03 0.082 0.92 1.8
place        -0.05 -0.01  0.07  0.20  0.03  0.06  0.12  0.09  0.01 -0.01 0.077 0.92 3.0
work          0.10 -0.09  0.07 -0.06  0.04  0.33  0.15  0.31  0.04  0.06 0.254 0.75 3.1
email        -0.05  0.02 -0.04 -0.10  0.24  0.13  0.02  0.08 -0.16 -0.01 0.123 0.88 3.3
lunch        -0.05 -0.01  0.48 -0.01  0.04  0.02  0.10  0.00 -0.06  0.06 0.258 0.74 1.2
class         0.39  0.44  0.02 -0.05  0.10 -0.12  0.08 -0.11  0.09  0.05 0.395 0.61 2.6
call         -0.07 -0.04 -0.07  0.17  0.18  0.17  0.06  0.08 -0.06  0.05 0.114 0.89 4.9
study         0.45  0.00  0.12  0.06 -0.06  0.06  0.01  0.08  0.11 -0.02 0.251 0.75 1.5
enjoy        -0.02  0.09  0.21  0.13  0.05 -0.02  0.02  0.01 -0.05  0.22 0.122 0.88 3.3
thought       0.03  0.05 -0.01  0.27  0.16  0.18 -0.07  0.09  0.07 -0.02 0.150 0.85 3.2
learn         0.14  0.23  0.02  0.07 -0.10 -0.04 -0.01  0.17 -0.02  0.01 0.115 0.89 3.4
question      0.30  0.15 -0.07  0.00  0.14 -0.01 -0.08  0.27 -0.17  0.06 0.247 0.75 4.0
move          0.03  0.03 -0.06  0.17  0.21  0.02  0.01  0.12 -0.04  0.06 0.100 0.90 3.2
answer        0.12  0.10 -0.07 -0.03  0.31  0.01 -0.09  0.19 -0.19  0.07 0.212 0.79 3.6
discuss      -0.01  0.10 -0.02  0.17 -0.11  0.01  0.29  0.13 -0.06 -0.07 0.163 0.84 3.1
prepare       0.29  0.01  0.16  0.01  0.12  0.12  0.00 -0.06 -0.06 -0.04 0.148 0.85 2.6
plan         -0.01 -0.05 -0.01  0.10  0.09  0.14  0.41 -0.05  0.08 -0.07 0.223 0.78 1.7
complete     -0.01  0.00  0.01 -0.03  0.07  0.44  0.08  0.18  0.08  0.09 0.248 0.75 1.6
task         -0.05 -0.03 -0.04 -0.04  0.12  0.33 -0.01  0.12 -0.09  0.05 0.160 0.84 2.0
train        -0.09 -0.08 -0.02  0.00  0.26 -0.05 -0.01  0.22  0.04 -0.04 0.135 0.87 2.7
day           0.15 -0.03  0.11  0.04  0.27  0.17  0.18  0.10  0.22  0.10 0.240 0.76 5.5
start         0.18  0.04  0.09  0.11  0.19  0.20  0.15  0.03  0.10  0.11 0.177 0.82 6.3
conversation -0.07  0.02  0.00  0.26  0.04  0.00  0.16  0.10 -0.07 -0.01 0.115 0.89 2.5
friend        0.03  0.02  0.08  0.35 -0.03  0.00  0.39 -0.10  0.10  0.00 0.307 0.69 2.4
weekend       0.12 -0.07 -0.01  0.07  0.04 -0.04  0.26 -0.01  0.16  0.06 0.125 0.87 2.8
stay         -0.02  0.18  0.06  0.07  0.07  0.10  0.09  0.00  0.10  0.00 0.075 0.92 3.8
excite        0.00  0.00  0.10  0.09  0.04 -0.08  0.34 -0.03  0.02  0.13 0.157 0.84 1.9
schedule      0.01  0.06  0.05 -0.11  0.06  0.13  0.20  0.12  0.14 -0.09 0.123 0.88 5.5
watch        -0.06 -0.03  0.03  0.08 -0.08  0.02 -0.14 -0.12  0.09  0.57 0.381 0.62 1.4
late          0.06 -0.01  0.11 -0.07  0.17 -0.02  0.03  0.16  0.25 -0.02 0.139 0.86 3.5
job          -0.05  0.02 -0.05  0.05  0.03  0.12  0.14  0.23 -0.04  0.00 0.093 0.91 2.8
nervous       0.33  0.01 -0.06 -0.04  0.12  0.06  0.11 -0.05 -0.06 -0.03 0.153 0.85 1.9
begin         0.15  0.14  0.03  0.09  0.12  0.03  0.05  0.05 -0.02  0.05 0.071 0.93 4.7
show         -0.04  0.06  0.01  0.04  0.08  0.03  0.05  0.00  0.04  0.34 0.131 0.87 1.3
hallway       0.07  0.01  0.21 -0.01  0.12 -0.08  0.17 -0.02 -0.01  0.00 0.100 0.90 3.2
stress        0.32 -0.04  0.00  0.04  0.06  0.13  0.08 -0.01  0.08 -0.07 0.140 0.86 1.9
left          0.02 -0.03  0.08  0.02  0.29  0.05  0.08 -0.01  0.06 -0.04 0.105 0.90 1.6
student       0.01  0.17  0.02 -0.01  0.07  0.09  0.15  0.23 -0.07 -0.04 0.123 0.88 3.5
meet         -0.01 -0.06  0.03  0.02  0.13  0.02  0.37  0.14 -0.07 -0.06 0.187 0.81 1.9
great         0.11 -0.03  0.01  0.13  0.01  0.03  0.16  0.04  0.00  0.09 0.066 0.93 3.7
read          0.09  0.09  0.02  0.24  0.09  0.12 -0.20 -0.01 -0.12  0.00 0.153 0.85 4.0
due           0.19 -0.03  0.04  0.00 -0.06  0.22  0.05  0.17  0.09  0.08 0.133 0.87 4.0
anxious       0.26 -0.02 -0.05  0.01  0.16  0.05  0.03 -0.05 -0.03 -0.06 0.105 0.90 2.2
office       -0.01 -0.04 -0.04 -0.02  0.18 -0.04  0.07  0.31 -0.05  0.02 0.140 0.86 1.9
laptop       -0.03  0.03  0.06  0.07  0.00  0.06 -0.01  0.03  0.05  0.07 0.022 0.98 6.0
breakfast     0.00 -0.05  0.44 -0.01  0.12  0.04 -0.03 -0.08  0.07  0.00 0.229 0.77 1.3
hope          0.12  0.00  0.02  0.04  0.01 -0.01  0.07  0.15  0.07 -0.06 0.054 0.95 3.7
leave        -0.04  0.02  0.04  0.04  0.23 -0.01  0.08  0.04  0.10  0.00 0.077 0.92 1.9
today         0.07  0.06  0.15  0.01  0.14  0.11  0.05  0.25  0.13  0.06 0.151 0.85 4.2
final         0.29 -0.03 -0.01 -0.12 -0.01  0.04  0.29 -0.05 -0.01  0.09 0.198 0.80 2.7
lab           0.04 -0.11  0.11 -0.04  0.15  0.00  0.06  0.32  0.13 -0.02 0.169 0.83 2.6
computer      0.04  0.07 -0.03 -0.04  0.08  0.15  0.04  0.03 -0.05  0.05 0.046 0.95 3.4
phone        -0.07  0.03 -0.07  0.17  0.22  0.06 -0.06 -0.01 -0.03  0.14 0.116 0.88 3.7
close         0.01  0.05  0.02  0.20  0.11  0.01  0.11  0.01  0.05  0.01 0.070 0.93 2.7
room          0.14 -0.07  0.01  0.11  0.19  0.01  0.05 -0.25  0.07  0.18 0.176 0.82 4.5
paper         0.11 -0.01 -0.01  0.00  0.03  0.21 -0.03  0.05 -0.17  0.02 0.091 0.91 2.8
break.        0.05  0.02  0.18  0.08 -0.03  0.01  0.12 -0.02  0.05  0.07 0.065 0.93 3.3
eat           0.00 -0.03  0.68  0.04  0.02 -0.06  0.02 -0.07 -0.02  0.04 0.483 0.52 1.1
test          0.39  0.05 -0.03 -0.03  0.01 -0.01  0.00  0.10 -0.05  0.03 0.170 0.83 1.2
morning       0.10 -0.02  0.21  0.01  0.18 -0.02 -0.01  0.17  0.31  0.05 0.214 0.79 3.6
told         -0.02 -0.01 -0.09  0.23  0.25 -0.01  0.16  0.09  0.01 -0.05 0.160 0.84 3.4
people        0.02  0.04  0.14  0.33  0.03  0.04 -0.03  0.31 -0.01  0.07 0.233 0.77 2.6
decide       -0.01 -0.03  0.13  0.06  0.12  0.14  0.13 -0.05  0.14  0.15 0.117 0.88 6.7
year          0.07 -0.02 -0.04  0.26  0.04 -0.01  0.17  0.05 -0.08  0.05 0.118 0.88 2.4
project      -0.04 -0.03 -0.07 -0.18 -0.05  0.30  0.24  0.15 -0.09  0.11 0.231 0.77 4.2
continue     -0.02  0.05 -0.03  0.14  0.08  0.15 -0.07  0.00  0.01  0.12 0.072 0.93 4.5
week          0.21  0.01 -0.01  0.05  0.12  0.01  0.22  0.15  0.12  0.05 0.145 0.85 4.3
annoy        -0.03  0.02 -0.08  0.08  0.12 -0.05 -0.05  0.35  0.04  0.00 0.155 0.84 1.7
note          0.25  0.29 -0.01  0.01  0.05  0.02 -0.08 -0.06 -0.04 -0.03 0.161 0.84 2.4
rest          0.07  0.03  0.00  0.03  0.10 -0.01  0.01 -0.01  0.25  0.07 0.085 0.91 1.7
wait         -0.04 -0.03  0.15 -0.02  0.28 -0.06  0.09  0.06  0.03 -0.04 0.120 0.88 2.2
realize       0.08  0.05 -0.01  0.05  0.18  0.11  0.08  0.05  0.08 -0.04 0.071 0.93 3.9
alone         0.04 -0.08  0.10  0.06  0.01  0.50 -0.10 -0.13  0.11 -0.01 0.309 0.69 1.5
hour          0.13  0.07  0.10  0.00  0.15  0.01  0.07  0.12  0.09  0.05 0.086 0.91 5.8
stop         -0.01  0.02 -0.01  0.15  0.25  0.01 -0.05  0.09  0.03  0.02 0.100 0.90 2.1
understand    0.18  0.19 -0.03  0.13 -0.10  0.03 -0.08  0.19 -0.02 -0.04 0.140 0.86 4.9
early         0.08  0.04  0.12 -0.04  0.26  0.00 -0.02  0.10  0.25  0.04 0.165 0.83 3.1
worry         0.18 -0.01 -0.04  0.01  0.06  0.11  0.10  0.02  0.10 -0.06 0.074 0.93 3.8
minute        0.10  0.06  0.05  0.04  0.32  0.02 -0.07  0.07  0.03  0.07 0.136 0.86 1.7
expect        0.10 -0.02  0.14  0.16  0.00  0.01 -0.07  0.19  0.02  0.01 0.098 0.90 3.8
turn          0.03  0.03  0.01  0.05  0.13  0.08  0.05  0.08  0.02  0.10 0.047 0.95 4.6
mind         -0.01  0.02  0.00  0.05  0.01  0.46 -0.01 -0.04  0.02 -0.01 0.218 0.78 1.1
talk          0.01  0.09  0.01  0.44  0.00 -0.10  0.22  0.07 -0.03 -0.02 0.271 0.73 1.8
hear         -0.02 -0.01 -0.03  0.28  0.06 -0.03  0.02  0.12 -0.01 -0.02 0.103 0.90 1.5
interest     -0.01  0.24 -0.01  0.21 -0.04  0.07 -0.01  0.12 -0.04  0.07 0.130 0.87 3.0
focus         0.10  0.17  0.09  0.04 -0.06  0.25 -0.06  0.07 -0.01 -0.01 0.121 0.88 3.0
ready         0.14 -0.04  0.09 -0.06  0.17  0.00  0.04 -0.01  0.11  0.05 0.074 0.93 4.2
quick         0.13 -0.02  0.02  0.09  0.22 -0.03 -0.03  0.03  0.08 -0.05 0.083 0.92 2.6
play         -0.05  0.02 -0.04 -0.02  0.00 -0.01  0.12  0.02 -0.07  0.55 0.328 0.67 1.2
end           0.08  0.11  0.03  0.04  0.15  0.04  0.10  0.06  0.04  0.05 0.063 0.94 4.8
text          0.00  0.04 -0.06  0.16  0.13 -0.04  0.12 -0.07  0.14  0.03 0.089 0.91 5.0
nice          0.08 -0.06  0.15  0.18  0.13 -0.07  0.15  0.02 -0.08  0.09 0.124 0.88 6.0
tire          0.02  0.06 -0.01 -0.09  0.01  0.01 -0.05 -0.02  0.47  0.02 0.240 0.76 1.1
write         0.18  0.09 -0.05  0.00  0.09  0.16 -0.06  0.05 -0.17  0.02 0.113 0.89 4.6
person        0.04  0.00 -0.08  0.18  0.13  0.03  0.00  0.12 -0.08  0.01 0.078 0.92 3.9
order         0.00  0.00  0.17 -0.01  0.13  0.07  0.04  0.09 -0.02 -0.03 0.060 0.94 3.1
finish        0.15 -0.03  0.26 -0.06 -0.03  0.15  0.04  0.10  0.10  0.23 0.193 0.81 4.4
semester      0.16  0.13  0.01 -0.01  0.07  0.04  0.36 -0.05 -0.06 -0.01 0.184 0.82 1.9
outside       0.01  0.05  0.08  0.09  0.24  0.01  0.00 -0.01  0.03  0.00 0.076 0.92 1.7
live         -0.01 -0.01  0.07  0.38  0.03  0.02  0.05 -0.11 -0.02  0.00 0.166 0.83 1.3
school        0.04  0.04  0.08  0.12  0.01 -0.03  0.12 -0.01  0.00  0.11 0.052 0.95 4.3
laugh        -0.05  0.00 -0.06  0.23  0.08 -0.06  0.06 -0.05  0.05  0.08 0.086 0.91 2.3
together      0.04 -0.01  0.03  0.12  0.01 -0.04  0.32  0.01 -0.03 -0.05 0.125 0.87 1.4
apartment    -0.05  0.00  0.07  0.28  0.15  0.06 -0.03 -0.14  0.03 -0.03 0.133 0.87 2.5
walk          0.10 -0.08  0.12  0.03  0.38 -0.06  0.02 -0.07  0.01 -0.05 0.186 0.81 1.7
group         0.01  0.05 -0.03  0.06 -0.03  0.00  0.24  0.10 -0.07  0.04 0.084 0.92 1.9
surprise      0.05  0.02 -0.06  0.22  0.13  0.00  0.04 -0.02 -0.01 -0.01 0.073 0.93 2.1
life          0.01  0.00  0.04  0.32 -0.10  0.04  0.07  0.06  0.00  0.02 0.124 0.88 1.4
lecture       0.12  0.54  0.05  0.00 -0.02 -0.05 -0.02  0.01  0.06 -0.02 0.315 0.68 1.2
emotion       0.02  0.05  0.00  0.11 -0.04  0.32  0.01 -0.07  0.03  0.10 0.134 0.87 1.6
hard          0.17  0.13 -0.01  0.08  0.01  0.12  0.02  0.06  0.10  0.02 0.080 0.92 4.4
night         0.09  0.06  0.02  0.04  0.01  0.04  0.14  0.11  0.43  0.02 0.228 0.77 1.6
problem       0.16  0.10 -0.04  0.07 -0.08  0.14 -0.06  0.15  0.04 -0.06 0.102 0.90 5.5
mood          0.13  0.00  0.06  0.09  0.01 -0.09  0.04  0.14  0.10  0.10 0.077 0.92 5.9
video        -0.07  0.02 -0.02 -0.01 -0.07  0.03 -0.06 -0.03  0.04  0.49 0.262 0.74 1.2
sad           0.04  0.00  0.03  0.27 -0.13 -0.01 -0.01  0.06  0.05  0.06 0.103 0.90 1.9
calm          0.15 -0.07  0.01  0.06  0.10  0.27 -0.09 -0.21  0.00  0.09 0.175 0.83 3.7
sleep         0.00  0.08  0.04 -0.06 -0.08  0.11 -0.03  0.14  0.56 -0.03 0.364 0.64 1.3
topic         0.10  0.25  0.01  0.17 -0.13  0.03  0.10  0.10 -0.04  0.01 0.140 0.86 3.8
listen        0.00  0.30  0.04  0.13 -0.09 -0.02 -0.07  0.06  0.01  0.07 0.132 0.87 2.0
bore         -0.05  0.23 -0.08 -0.01 -0.06  0.03 -0.03 -0.02  0.11  0.12 0.093 0.91 2.8
pay          -0.16  0.65 -0.07 -0.14  0.20  0.08  0.10 -0.12  0.04 -0.06 0.551 0.45 1.6
attention    -0.14  0.67 -0.07 -0.14  0.19  0.09  0.05 -0.12  0.03 -0.01 0.556 0.44 1.5
coffee       -0.01 -0.05  0.11  0.00  0.16 -0.05  0.03  0.08  0.11 -0.03 0.062 0.94 4.0
game         -0.06  0.02 -0.07 -0.12  0.02 -0.02  0.13  0.09 -0.09  0.53 0.333 0.67 1.4
food         -0.07  0.03  0.57  0.07  0.07  0.00 -0.01 -0.04 -0.03 -0.05 0.350 0.65 1.1
wear         -0.03  0.04 -0.03  0.04  0.11  0.05 -0.07 -0.02  0.27  0.01 0.098 0.90 1.7
material      0.41  0.30  0.00 -0.04 -0.02 -0.03 -0.04  0.02 -0.01 -0.04 0.260 0.74 1.9
professor     0.30  0.52 -0.03 -0.03  0.03 -0.10  0.02  0.06 -0.05  0.03 0.386 0.61 1.8
relax         0.14 -0.13  0.12  0.01  0.02  0.09  0.02 -0.24  0.17  0.36 0.271 0.73 3.5
hungry       -0.06  0.04  0.62 -0.04  0.02  0.09 -0.09  0.01  0.04 -0.05 0.412 0.59 1.2
shop         -0.07 -0.02  0.03  0.06  0.06  0.03  0.00 -0.02  0.04 -0.03 0.017 0.98 5.5
library       0.01 -0.01  0.12  0.00 -0.17  0.44  0.04  0.08  0.14 -0.11 0.279 0.72 2.0
homework      0.20 -0.03  0.07  0.03 -0.17  0.03 -0.01  0.11  0.14  0.12 0.126 0.87 4.7
movie        -0.04 -0.05  0.01  0.16 -0.04  0.01 -0.09 -0.06  0.06  0.17 0.074 0.93 3.5
music         0.02  0.05  0.04  0.07 -0.03  0.04 -0.03  0.03  0.06  0.21 0.061 0.94 1.9
neutral       0.04  0.00 -0.04  0.01 -0.09  0.17 -0.06 -0.13 -0.02 -0.07 0.062 0.94 3.5
grade         0.40  0.07 -0.01 -0.09 -0.06  0.13  0.14  0.00  0.02 -0.11 0.228 0.77 1.9
bed          -0.03 -0.02 -0.07  0.07  0.13 -0.03 -0.07 -0.16  0.36  0.15 0.214 0.79 2.5
hand          0.10  0.03  0.01  0.02  0.09  0.20 -0.01  0.01 -0.11  0.01 0.072 0.93 2.6
roommate     -0.07 -0.02  0.01  0.29  0.06  0.07  0.05 -0.18  0.09  0.04 0.142 0.86 2.4
exam          0.54  0.08 -0.01 -0.04 -0.02 -0.01  0.11 -0.15  0.02 -0.06 0.335 0.67 1.3
assignment    0.04  0.02  0.08 -0.06 -0.17  0.34  0.13  0.11  0.20 -0.09 0.239 0.76 3.4
quiz          0.40  0.02 -0.03  0.00  0.02 -0.11 -0.12  0.04  0.07  0.00 0.195 0.81 1.4
nap           0.01 -0.06 -0.08  0.02  0.02 -0.01 -0.06 -0.05  0.40  0.02 0.179 0.82 1.2
dorm          0.13 -0.06  0.11  0.00  0.16 -0.08  0.09 -0.18  0.03  0.10 0.114 0.89 5.8

                       RC6  RC2  RC7  RC9  RC1 RC10  RC3  RC4  RC8  RC5
SS loadings           2.94 2.62 2.47 2.41 2.40 2.39 2.25 2.25 2.25 2.16
Proportion Var        0.02 0.02 0.02 0.02 0.02 0.02 0.02 0.01 0.01 0.01
Cumulative Var        0.02 0.04 0.05 0.07 0.09 0.10 0.12 0.13 0.15 0.16
Proportion Explained  0.12 0.11 0.10 0.10 0.10 0.10 0.09 0.09 0.09 0.09
Cumulative Proportion 0.12 0.23 0.33 0.43 0.53 0.63 0.72 0.82 0.91 1.00

Mean item complexity =  2.9
Test of the hypothesis that 10 components are sufficient.

The root mean square of the residuals (RMSR) is  0.03 
 with the empirical chi square  72485.66  with prob <  0 

Fit based upon off diagonal values = 0.6