

KMO_TEST:

KMO_METRIC: 0.674999301157518
The KMO test yields a DECENT degree of common variance.

BARTLETT_SPHERICITY_TEST:


	Bartlett's test of sphericity

data:  InputData
X-squared = 47775, df = 11325, p-value < 2.2e-16



FACTOR_ANALYSIS_RESULTS:

Principal Components Analysis
Call: principal(r = InputData, nfactors = NumberOfFactors, residuals = FALSE, 
    rotate = "varimax", method = "regression")
Standardized loadings (pattern matrix) based upon correlation matrix
               RC2   RC7   RC6   RC8  RC14   RC3   RC5   RC1   RC4  RC15  RC11   RC9  RC13  RC12  RC10    h2   u2 com
play         -0.07 -0.09  0.07 -0.13  0.01 -0.08  0.53  0.06 -0.07  0.09 -0.02  0.15  0.19 -0.04  0.15 0.418 0.58 2.2
video        -0.05  0.00 -0.05  0.05  0.00  0.00  0.51 -0.06  0.04 -0.08  0.00  0.01  0.03 -0.06  0.02 0.283 0.72 1.2
game         -0.06 -0.09  0.06 -0.15  0.09 -0.17  0.53  0.09 -0.12  0.06  0.05  0.14  0.09 -0.05  0.12 0.428 0.57 2.3
phone        -0.05 -0.05 -0.05 -0.07  0.04  0.19  0.17 -0.01  0.14  0.25  0.09 -0.06 -0.03 -0.05 -0.04 0.180 0.82 4.9
wait         -0.06  0.15  0.13  0.09  0.00 -0.05  0.00 -0.02 -0.09  0.30 -0.03 -0.03 -0.08  0.05 -0.04 0.166 0.83 2.9
computer     -0.02 -0.04  0.01 -0.04 -0.02 -0.10  0.01  0.17  0.03  0.01  0.16  0.06  0.02  0.20  0.02 0.112 0.89 4.1
call         -0.03 -0.01  0.14 -0.11  0.13  0.20  0.09 -0.04  0.27  0.20  0.02 -0.04 -0.10 -0.15 -0.06 0.248 0.75 6.3
move          0.01 -0.05  0.03  0.03  0.24  0.03  0.03  0.06 -0.04  0.06 -0.02 -0.11 -0.03  0.21  0.28 0.207 0.79 3.8
quick         0.09  0.01 -0.07  0.02  0.01  0.03 -0.06  0.07 -0.05  0.21  0.02  0.04  0.01  0.02  0.06 0.079 0.92 2.8
pay           0.03 -0.02 -0.02  0.00  0.01  0.00  0.00 -0.01 -0.02  0.03  0.83 -0.05  0.05 -0.02 -0.04 0.706 0.29 1.0
attention     0.06 -0.02 -0.06 -0.01  0.01  0.00  0.04 -0.02  0.00  0.03  0.83 -0.06  0.09  0.00 -0.06 0.710 0.29 1.1
answer        0.19  0.00 -0.04 -0.12  0.27  0.00  0.14 -0.04  0.11  0.30  0.01 -0.20  0.05  0.00 -0.15 0.314 0.69 5.5
work         -0.03  0.02  0.07 -0.03  0.19 -0.11 -0.02  0.39  0.18 -0.04  0.06  0.29 -0.03  0.16 -0.01 0.357 0.64 3.8
coffee       -0.02  0.11  0.05  0.12  0.02  0.03 -0.07  0.14 -0.01  0.15 -0.01 -0.04 -0.04 -0.08  0.00 0.087 0.91 5.6
told         -0.03 -0.07  0.16 -0.08  0.06  0.20 -0.08  0.11  0.05  0.28  0.03 -0.04  0.01 -0.14  0.09 0.212 0.79 4.8
place        -0.04  0.10  0.09  0.01  0.15  0.13  0.01  0.02 -0.02 -0.06  0.02  0.03 -0.13  0.05  0.19 0.120 0.88 5.8
room          0.10 -0.02 -0.03  0.03 -0.19 -0.02  0.13  0.10 -0.02  0.10 -0.07 -0.05  0.05  0.08  0.36 0.233 0.77 2.8
study         0.39  0.07  0.01  0.00  0.01  0.07 -0.06  0.15  0.03  0.01 -0.04  0.25 -0.04 -0.04 -0.05 0.261 0.74 2.4
interest     -0.05  0.00  0.12  0.09  0.07  0.14  0.01 -0.09  0.06 -0.08  0.01 -0.08  0.27  0.30 -0.08 0.239 0.76 4.2
bore         -0.03 -0.09  0.03  0.13 -0.03 -0.06  0.09 -0.09  0.03 -0.01  0.08  0.04  0.30 -0.01  0.03 0.148 0.85 2.5
hear         -0.06 -0.04  0.00 -0.06  0.11  0.25 -0.06  0.10  0.02  0.06 -0.07 -0.04  0.13 -0.01  0.02 0.123 0.88 3.4
realize       0.06 -0.02  0.06  0.04  0.08 -0.01 -0.03  0.04  0.01  0.13  0.10  0.10 -0.06  0.06  0.13 0.080 0.92 7.3
talk          0.01  0.02  0.23 -0.08  0.04  0.47 -0.06  0.06 -0.02  0.05 -0.01 -0.03  0.14 -0.10 -0.02 0.322 0.68 2.0
task         -0.08 -0.02  0.00 -0.03  0.16 -0.13  0.01  0.10  0.31 -0.01  0.02 -0.05 -0.02  0.14  0.08 0.183 0.82 3.3
research     -0.05 -0.02  0.17  0.05  0.06 -0.01 -0.04  0.00  0.04  0.08 -0.03  0.18  0.00  0.15 -0.07 0.111 0.89 4.7
thought      -0.02  0.00  0.01  0.04  0.10  0.20 -0.05  0.00  0.14  0.13  0.04  0.07  0.01  0.12  0.09 0.119 0.88 5.4
night         0.07 -0.02  0.08  0.43  0.07  0.05  0.00  0.09  0.01 -0.02  0.02  0.11  0.03 -0.09  0.05 0.234 0.77 1.6
minute        0.08  0.06 -0.04  0.09  0.06  0.01  0.09 -0.03  0.00  0.31  0.02 -0.05 -0.02  0.12 -0.01 0.150 0.85 2.2
conversation -0.06  0.02  0.17 -0.08  0.09  0.30 -0.02  0.10  0.11  0.00  0.01 -0.10  0.05 -0.05 -0.07 0.176 0.82 3.4
long         -0.03  0.08  0.05  0.14  0.09  0.05  0.09  0.16 -0.03  0.00  0.01  0.06 -0.05  0.10 -0.05 0.089 0.91 6.3
order        -0.01  0.16 -0.01 -0.02  0.09 -0.03 -0.02  0.07  0.00  0.08  0.09  0.09 -0.11  0.03  0.04 0.077 0.92 5.3
job          -0.05 -0.03  0.12  0.02  0.23  0.07  0.01  0.05  0.13 -0.04  0.02 -0.06 -0.10  0.02 -0.05 0.114 0.89 3.7
late          0.03  0.10  0.08  0.32  0.13 -0.08  0.01 -0.02 -0.04  0.16 -0.07  0.01 -0.06 -0.02 -0.04 0.183 0.82 2.8
finish        0.06  0.21  0.02  0.09 -0.07 -0.06  0.18  0.13  0.08  0.07 -0.07  0.27  0.04  0.11 -0.12 0.232 0.77 5.8
rest          0.06 -0.02 -0.01  0.29 -0.04  0.00  0.03  0.10  0.02  0.01 -0.04 -0.09  0.06  0.09  0.09 0.130 0.87 2.3
stuff        -0.01  0.01  0.08 -0.02  0.05 -0.04 -0.01  0.02  0.01  0.04  0.00  0.04  0.02 -0.07  0.19 0.056 0.94 2.2
ready         0.09  0.09  0.06  0.13  0.00 -0.15  0.00  0.13 -0.01  0.09 -0.05 -0.08  0.01  0.01  0.16 0.118 0.88 7.1
today         0.01  0.11  0.05  0.16  0.15 -0.04  0.02  0.20  0.05  0.14  0.03  0.14  0.07  0.05 -0.03 0.154 0.85 6.4
friend        0.04  0.02  0.34  0.02 -0.13  0.38  0.02  0.00 -0.04  0.07  0.03  0.20 -0.06 -0.11  0.12 0.354 0.65 3.6
excite       -0.06  0.06  0.34  0.02 -0.14  0.05  0.09  0.12 -0.12  0.03 -0.06 -0.04  0.07  0.04  0.02 0.196 0.80 2.7
life         -0.01  0.04  0.03  0.02  0.08  0.30 -0.01  0.02  0.02 -0.17 -0.04  0.03 -0.02  0.12  0.14 0.164 0.84 2.8
start         0.13  0.07  0.26  0.10 -0.02  0.02  0.07  0.07  0.17  0.19 -0.02  0.09  0.02  0.10  0.14 0.208 0.79 6.0
laugh        -0.04 -0.06  0.02  0.02 -0.03  0.26  0.09  0.02 -0.01  0.06  0.03 -0.07 -0.01 -0.06  0.03 0.095 0.90 2.0
write         0.10 -0.07  0.01 -0.12 -0.01 -0.08 -0.02  0.03  0.04  0.03  0.06  0.10 -0.02  0.44 -0.01 0.243 0.76 1.6
email        -0.08 -0.04  0.01 -0.07  0.03 -0.07 -0.02  0.16  0.07  0.11  0.15 -0.14 -0.12  0.26 -0.12 0.198 0.80 6.0
lab          -0.06  0.07  0.03  0.13  0.17 -0.03 -0.11  0.34  0.00  0.11 -0.07  0.01  0.02  0.00 -0.12 0.219 0.78 3.0
sad          -0.01 -0.01 -0.05 -0.02 -0.01  0.27  0.02  0.01 -0.04 -0.04 -0.04  0.20  0.03  0.00  0.04 0.122 0.88 2.2
day           0.09  0.08  0.11  0.27  0.01  0.05  0.06  0.32  0.18  0.12  0.02 -0.05 -0.08  0.08  0.01 0.272 0.73 4.2
together      0.04  0.02  0.33 -0.08 -0.03  0.10 -0.05  0.08 -0.08 -0.02  0.01  0.03 -0.04 -0.06  0.05 0.150 0.85 1.9
group        -0.01 -0.04  0.27 -0.02  0.05  0.02  0.04 -0.01 -0.09 -0.01 -0.03  0.05  0.05  0.10  0.01 0.104 0.90 2.0
focus         0.06  0.05 -0.07  0.00  0.02 -0.03 -0.07  0.08  0.17 -0.07  0.14  0.15  0.15  0.19  0.02 0.158 0.84 6.8
meet         -0.05  0.01  0.43  0.00  0.07  0.02 -0.07  0.10  0.04  0.15 -0.06 -0.05 -0.07  0.02 -0.09 0.249 0.75 1.8
lunch        -0.01  0.53  0.09 -0.06  0.01 -0.01  0.07  0.08  0.04  0.04  0.00  0.00  0.03 -0.08  0.03 0.312 0.69 1.3
live         -0.03  0.06  0.02  0.00 -0.04  0.28 -0.01 -0.04 -0.03 -0.04 -0.05  0.01 -0.03  0.14  0.27 0.188 0.81 2.9
show         -0.02  0.04  0.07  0.14  0.00  0.11  0.38 -0.03  0.05  0.00  0.06 -0.11 -0.13  0.10 -0.08 0.230 0.77 2.5
sleep        -0.02  0.01 -0.04  0.53  0.07 -0.05 -0.05  0.02  0.09 -0.06  0.02  0.16  0.08 -0.10 -0.03 0.347 0.65 1.5
anxious       0.24 -0.04  0.03  0.04 -0.04  0.02 -0.01 -0.02  0.05  0.13 -0.05 -0.08 -0.16  0.11 -0.06 0.133 0.87 3.9
people       -0.07  0.09 -0.03  0.03  0.18  0.31  0.01  0.04 -0.06  0.09 -0.06  0.22  0.05  0.25 -0.07 0.280 0.72 4.6
decide       -0.03  0.10  0.09  0.06 -0.06 -0.03  0.14  0.08  0.08  0.14  0.04  0.12  0.00 -0.07  0.17 0.132 0.87 7.7
issue         0.03 -0.03  0.05  0.03  0.30  0.01  0.04  0.08  0.12 -0.05 -0.01 -0.01  0.00 -0.02  0.03 0.123 0.88 1.7
mind          0.00  0.01  0.00  0.01  0.00  0.01 -0.01 -0.01  0.49 -0.02  0.05  0.05  0.01 -0.01 -0.01 0.245 0.76 1.1
plan         -0.01 -0.02  0.38  0.03 -0.10  0.06 -0.08  0.17  0.11  0.04  0.05  0.02 -0.09 -0.08  0.13 0.242 0.76 2.6
schedule      0.03  0.03  0.16  0.22  0.08 -0.07 -0.06  0.05  0.07  0.03  0.07  0.03 -0.10  0.01 -0.11 0.127 0.87 4.9
week          0.14 -0.05  0.11  0.09  0.04  0.03  0.00  0.33 -0.04  0.07  0.01  0.04  0.04  0.05 -0.02 0.169 0.83 2.2
close         0.02  0.01  0.04  0.02  0.03  0.25  0.04  0.02 -0.06  0.11  0.12  0.11 -0.10  0.01  0.03 0.121 0.88 3.3
expect        0.01  0.09 -0.09 -0.03  0.03  0.18 -0.02  0.07 -0.06  0.14 -0.06  0.25  0.03  0.13 -0.17 0.194 0.81 5.6
annoy        -0.04 -0.06 -0.07  0.03  0.39 -0.02 -0.01  0.06 -0.10  0.07 -0.01  0.01  0.03  0.02  0.12 0.197 0.80 1.6
relieve       0.12  0.00  0.03 -0.01  0.01  0.01  0.15  0.10  0.07  0.11 -0.06  0.08  0.01 -0.06 -0.08 0.086 0.91 6.6
early         0.04  0.07 -0.04  0.32  0.01 -0.01  0.03  0.09  0.01  0.26 -0.01 -0.01  0.04  0.00 -0.06 0.195 0.81 2.5
person        0.02 -0.05  0.02 -0.02  0.13  0.17  0.01 -0.02  0.03  0.09 -0.04 -0.06 -0.06  0.16 -0.02 0.094 0.91 4.7
relax         0.10  0.09 -0.09  0.17 -0.30  0.03  0.31  0.24  0.15 -0.08 -0.10 -0.08  0.00 -0.01  0.05 0.343 0.66 5.4
end           0.09  0.05  0.11  0.05  0.09  0.02  0.07  0.01  0.01  0.13  0.09  0.00  0.01  0.07  0.03 0.070 0.93 7.0
great         0.09  0.01  0.14 -0.02  0.03  0.17  0.11  0.13  0.01 -0.07  0.03  0.02 -0.08 -0.01  0.02 0.101 0.90 5.5
professor     0.40 -0.03  0.14  0.08  0.06 -0.01  0.02 -0.18 -0.08  0.07  0.16 -0.09  0.36  0.13 -0.15 0.443 0.56 4.2
understand    0.22 -0.01 -0.07 -0.05  0.28  0.09 -0.03 -0.04  0.00 -0.08  0.09  0.11  0.10 -0.01  0.07 0.185 0.82 3.8
alone         0.02  0.07 -0.07  0.12 -0.13 -0.01 -0.04 -0.10  0.51  0.05 -0.11  0.12  0.00  0.01  0.08 0.351 0.65 1.8
frustrate     0.05 -0.05 -0.08  0.00  0.41  0.01 -0.04 -0.03 -0.01  0.05  0.00  0.15 -0.09 -0.01  0.07 0.220 0.78 1.7
office       -0.03 -0.03  0.03  0.02  0.29  0.02 -0.01  0.21  0.03  0.07 -0.03 -0.18 -0.05  0.04 -0.15 0.199 0.80 3.6
homework      0.12 -0.01 -0.11  0.04 -0.02  0.04  0.09  0.14 -0.10 -0.05 -0.03  0.42  0.06  0.00 -0.01 0.250 0.75 2.0
happy        -0.05  0.11  0.17 -0.07 -0.14  0.22  0.18  0.26  0.04  0.07 -0.04  0.04  0.05 -0.06 -0.03 0.237 0.76 5.8
breakfast     0.00  0.44 -0.01  0.11 -0.06 -0.06 -0.02  0.00  0.04  0.08 -0.05 -0.03 -0.04 -0.03  0.14 0.251 0.75 1.6
discuss       0.03  0.00  0.42  0.00  0.15  0.12 -0.06 -0.10  0.05 -0.13 -0.04 -0.07  0.08 -0.04  0.02 0.265 0.74 2.1
stress        0.28 -0.02 -0.06  0.05 -0.04  0.08 -0.08  0.25  0.10 -0.06  0.06  0.01 -0.19  0.03 -0.02 0.215 0.79 4.0
topic         0.14  0.03  0.27  0.04  0.11  0.14  0.01 -0.15  0.06 -0.13  0.01 -0.02  0.21  0.04  0.00 0.217 0.78 5.2
worry         0.18 -0.03  0.01  0.03  0.04 -0.01 -0.04  0.17  0.09 -0.02  0.06  0.03 -0.06 -0.07  0.05 0.089 0.91 4.2
question      0.34 -0.01 -0.02 -0.12  0.33 -0.01  0.09  0.00  0.08  0.12 -0.05 -0.11  0.10  0.05 -0.13 0.317 0.68 3.7
learn         0.16  0.02  0.04  0.04  0.20  0.05  0.01 -0.07 -0.07 -0.12  0.04  0.01  0.15  0.07 -0.03 0.124 0.88 5.2
outside       0.00  0.05  0.00  0.05 -0.04  0.08  0.00 -0.02  0.00  0.28  0.02  0.01  0.04  0.06 -0.01 0.097 0.90 1.6
hour          0.11  0.10  0.06  0.15  0.07 -0.01  0.06  0.04 -0.03  0.14  0.01  0.01 -0.03  0.12 -0.05 0.095 0.91 6.7
left         -0.03  0.02  0.07  0.04 -0.04 -0.03 -0.05  0.01  0.01  0.38  0.00  0.11  0.02  0.01  0.11 0.182 0.82 1.5
assignment    0.06  0.05  0.16  0.20  0.09 -0.08 -0.03 -0.09  0.20 -0.09  0.05  0.39 -0.13 -0.03  0.02 0.314 0.69 3.6
lecture       0.21  0.04  0.06  0.15  0.01  0.00 -0.04 -0.16 -0.08  0.04  0.26 -0.01  0.38  0.12 -0.06 0.339 0.66 4.0
bed          -0.02 -0.07 -0.07  0.37 -0.12  0.06  0.16 -0.02  0.01  0.06  0.00 -0.08 -0.05 -0.02  0.18 0.240 0.76 2.8
class         0.46 -0.02  0.11  0.19 -0.14 -0.02  0.04 -0.11 -0.14  0.10  0.16 -0.04  0.29  0.13 -0.08 0.455 0.55 3.8
year          0.00 -0.03  0.17  0.01  0.06  0.17  0.03  0.04 -0.10 -0.08 -0.09 -0.04 -0.08  0.32  0.15 0.223 0.78 3.8
nervous       0.33 -0.04  0.15 -0.01 -0.06 -0.04  0.02 -0.05  0.07  0.14 -0.06 -0.05 -0.12  0.08 -0.10 0.199 0.80 3.1
food         -0.04  0.60 -0.02 -0.03 -0.04  0.04 -0.07  0.04  0.00  0.04  0.05 -0.01  0.00 -0.04  0.09 0.387 0.61 1.1
read          0.01 -0.01 -0.08 -0.01 -0.06  0.16 -0.03 -0.13  0.04  0.12 -0.02  0.06  0.02  0.45  0.04 0.278 0.72 1.8
leave        -0.07  0.01  0.08  0.11  0.06 -0.06 -0.05  0.03 -0.06  0.23  0.01  0.01  0.05  0.02  0.22 0.140 0.86 3.7
tire          0.01 -0.02 -0.08  0.46 -0.07 -0.08  0.02  0.04  0.00 -0.05  0.04  0.02  0.02 -0.03 -0.02 0.240 0.76 1.3
stay          0.02  0.06  0.07  0.16  0.05  0.03  0.00 -0.02  0.01 -0.02  0.19  0.02 -0.01  0.07  0.16 0.108 0.89 4.2
stop         -0.01 -0.03 -0.06  0.00  0.12  0.09  0.02  0.00 -0.01  0.30  0.00  0.04  0.04 -0.01  0.14 0.140 0.86 2.3
apartment    -0.02  0.07 -0.02 -0.02  0.02  0.10 -0.05 -0.06  0.02  0.11  0.02 -0.02 -0.01 -0.01  0.48 0.271 0.73 1.3
enjoy        -0.02  0.21  0.00  0.03 -0.02  0.14  0.20  0.07  0.03  0.00 -0.01 -0.13  0.13  0.09 -0.02 0.153 0.85 5.1
paper         0.01 -0.04  0.04 -0.14 -0.04 -0.11 -0.04  0.04  0.09  0.02 -0.03  0.14  0.01  0.39  0.00 0.219 0.78 2.1
due           0.10 -0.02 -0.01  0.08  0.04  0.00  0.05  0.11  0.09 -0.02 -0.02  0.32 -0.08  0.17 -0.06 0.183 0.82 2.9
eat           0.03  0.70 -0.01  0.00 -0.08  0.04  0.05  0.05 -0.07  0.00 -0.04  0.01 -0.04 -0.03  0.04 0.518 0.48 1.1
listen       -0.02  0.01 -0.04 -0.05 -0.02  0.08 -0.09  0.10  0.08  0.00  0.04 -0.02  0.60  0.00 -0.01 0.399 0.60 1.2
mood          0.08  0.04 -0.04  0.07  0.07  0.07  0.00  0.30 -0.01 -0.08 -0.09 -0.08  0.21 -0.08  0.00 0.191 0.81 3.4
turn          0.04  0.02  0.02  0.00  0.08  0.04  0.13  0.01  0.04  0.13  0.04  0.06 -0.03 -0.01  0.03 0.053 0.95 4.2
grade         0.42 -0.03  0.11  0.05 -0.01 -0.08 -0.07 -0.04  0.08 -0.01 -0.03  0.12 -0.04 -0.01 -0.06 0.229 0.77 1.7
watch        -0.05  0.07 -0.14  0.12 -0.07  0.13  0.61 -0.09  0.05 -0.14 -0.04 -0.03 -0.09  0.02  0.00 0.480 0.52 1.6
movie        -0.05  0.03 -0.07  0.06 -0.07  0.21  0.19 -0.08  0.04 -0.03 -0.03  0.01 -0.10  0.05 -0.05 0.123 0.88 4.3
nice          0.03  0.13  0.08 -0.10 -0.03  0.15  0.01  0.27 -0.02  0.05 -0.04 -0.09  0.03  0.07  0.10 0.158 0.84 3.8
text         -0.01 -0.08  0.08  0.09 -0.08  0.13  0.05  0.05 -0.07  0.13  0.08  0.02  0.00  0.00  0.08 0.087 0.91 8.1
morning       0.03  0.15 -0.08  0.33  0.06  0.02 -0.02  0.26 -0.02  0.12 -0.01  0.03  0.00 -0.02  0.00 0.226 0.77 3.0
prepare       0.31  0.19  0.04 -0.03  0.01 -0.07 -0.05  0.01  0.13  0.10 -0.03 -0.04 -0.01  0.02  0.15 0.193 0.81 3.2
experience   -0.04  0.05  0.12  0.06  0.15  0.10 -0.02  0.07  0.00 -0.11 -0.05 -0.07  0.05  0.13 -0.01 0.099 0.90 7.2
surprise      0.05 -0.07  0.00 -0.03 -0.03  0.23 -0.01  0.00  0.00  0.14  0.01  0.00  0.01  0.02  0.01 0.080 0.92 2.1
emotion       0.04  0.00 -0.02  0.05 -0.01  0.09  0.07  0.01  0.39 -0.11 -0.01 -0.05  0.10 -0.03  0.00 0.193 0.81 1.6
note          0.26 -0.02 -0.04  0.04 -0.05 -0.03 -0.06 -0.02 -0.04  0.02  0.16 -0.03  0.13  0.24  0.04 0.182 0.82 3.8
laptop       -0.08  0.00  0.02  0.00 -0.03  0.03  0.06 -0.07 -0.04  0.13  0.02  0.25  0.03  0.04  0.00 0.101 0.90 2.4
wear         -0.05 -0.04 -0.04  0.25 -0.01  0.01  0.02 -0.05  0.05  0.12  0.02  0.04  0.03 -0.03  0.05 0.092 0.91 2.2
hard          0.17 -0.03 -0.05  0.09  0.05  0.09 -0.02  0.14  0.08 -0.05  0.14  0.08  0.05  0.06  0.03 0.113 0.89 7.1
hungry       -0.05  0.63 -0.02  0.08 -0.01 -0.09 -0.02 -0.10  0.04  0.06 -0.01  0.11  0.01  0.01 -0.03 0.450 0.55 1.2
train        -0.15 -0.04 -0.06  0.05  0.17 -0.01 -0.08  0.22 -0.04  0.20  0.00 -0.09 -0.02  0.02  0.01 0.163 0.84 5.1
roommate     -0.04  0.04  0.03  0.02 -0.02  0.12  0.01 -0.03  0.08 -0.01 -0.01 -0.02  0.06 -0.07  0.49 0.275 0.73 1.3
student       0.03  0.03  0.20  0.07  0.22 -0.02 -0.02 -0.08  0.03  0.05  0.05 -0.04  0.02  0.18 -0.10 0.151 0.85 4.5
clean        -0.05  0.08 -0.08  0.04  0.06 -0.01  0.06 -0.02  0.05  0.02  0.00 -0.07 -0.05  0.05  0.31 0.133 0.87 1.9
continue      0.00  0.00 -0.08  0.02  0.02  0.17  0.11  0.01  0.22  0.03  0.07 -0.09  0.02  0.02 -0.01 0.108 0.89 3.5
begin         0.15  0.04  0.08  0.06  0.09  0.01  0.05 -0.02 -0.03  0.03  0.03 -0.06  0.03  0.16  0.12 0.097 0.90 5.7
hope          0.13  0.00  0.07  0.07  0.15  0.01 -0.03 -0.02 -0.03  0.05 -0.10  0.04  0.03 -0.08  0.00 0.074 0.93 5.5
library      -0.02  0.06  0.14  0.07 -0.03 -0.04 -0.12 -0.13  0.35  0.04 -0.03  0.42  0.02 -0.10 -0.07 0.379 0.62 3.0
weekend       0.07 -0.05  0.13  0.09 -0.09  0.04  0.02  0.32 -0.09 -0.01  0.02  0.05 -0.01 -0.06  0.11 0.170 0.83 2.6
school        0.00  0.08  0.06  0.04 -0.01  0.10  0.07  0.13 -0.09 -0.13  0.03 -0.04 -0.03  0.17  0.09 0.107 0.89 7.1
music        -0.06 -0.02 -0.04 -0.07 -0.08 -0.04  0.05  0.19  0.11  0.10 -0.10  0.09  0.49 -0.04  0.10 0.356 0.64 2.0
problem       0.20 -0.04 -0.08  0.00  0.23  0.06 -0.02 -0.06  0.09 -0.01  0.04  0.22  0.01 -0.05  0.03 0.171 0.83 4.3
walk          0.06  0.08  0.00  0.00 -0.10  0.04 -0.07  0.06 -0.01  0.40 -0.05 -0.05 -0.03 -0.05  0.04 0.203 0.80 1.5
semester      0.19  0.02  0.33  0.01 -0.04 -0.02  0.02  0.01 -0.02  0.04  0.07 -0.06 -0.02  0.06  0.04 0.168 0.83 2.0
shop         -0.08  0.01 -0.02  0.00 -0.04  0.05 -0.04  0.06  0.02  0.06  0.08  0.03 -0.03 -0.06  0.06 0.035 0.96 8.7
material      0.47  0.01 -0.03  0.05  0.07 -0.04 -0.04 -0.01 -0.04 -0.06  0.13 -0.05  0.13  0.05  0.00 0.273 0.73 1.6
hand          0.11  0.05  0.02 -0.09  0.07 -0.09  0.00  0.01  0.19  0.04 -0.02 -0.04  0.06  0.07  0.13 0.099 0.90 5.2
project      -0.07 -0.06  0.34 -0.12  0.11 -0.24  0.07  0.06  0.25 -0.07 -0.01  0.13  0.06  0.01  0.00 0.305 0.69 4.4
calm          0.07  0.00 -0.10  0.01 -0.27  0.02  0.03  0.11  0.32  0.04 -0.05 -0.06 -0.01  0.15  0.01 0.235 0.77 3.4
exam          0.56 -0.01  0.04 -0.05 -0.12  0.01 -0.04  0.08 -0.01 -0.02  0.06  0.06 -0.11 -0.08  0.02 0.363 0.64 1.4
complete     -0.02  0.01  0.12  0.10  0.20 -0.10  0.10  0.04  0.40  0.03  0.02  0.13 -0.04  0.02  0.04 0.273 0.73 2.5
break.        0.03  0.15  0.00  0.01 -0.09  0.15  0.06  0.22 -0.02 -0.04  0.08  0.08  0.00 -0.01 -0.04 0.124 0.88 4.3
test          0.40 -0.02 -0.04 -0.07  0.15 -0.05  0.04  0.11 -0.02 -0.02 -0.01  0.03 -0.01 -0.01  0.05 0.213 0.79 1.7
neutral       0.02 -0.07 -0.05 -0.01 -0.17 -0.01 -0.11 -0.05  0.19 -0.05 -0.04  0.02  0.06  0.03 -0.05 0.099 0.90 4.1
final         0.26 -0.04  0.21 -0.02 -0.11 -0.14  0.09  0.14 -0.05 -0.03 -0.03  0.10 -0.08  0.07  0.03 0.199 0.80 5.1
quiz          0.40 -0.04 -0.14  0.06  0.04  0.03 -0.01  0.06 -0.06  0.05 -0.11 -0.01  0.08 -0.06 -0.04 0.224 0.78 1.8

                       RC2  RC7  RC6  RC8 RC14  RC3  RC5  RC1  RC4 RC15 RC11  RC9 RC13 RC12 RC10
SS loadings           2.89 2.31 2.21 2.17 2.11 2.09 2.07 2.07 2.07 2.05 1.99 1.91 1.85 1.81 1.80
Proportion Var        0.02 0.02 0.01 0.01 0.01 0.01 0.01 0.01 0.01 0.01 0.01 0.01 0.01 0.01 0.01
Cumulative Var        0.02 0.03 0.05 0.06 0.08 0.09 0.10 0.12 0.13 0.15 0.16 0.17 0.18 0.20 0.21
Proportion Explained  0.09 0.07 0.07 0.07 0.07 0.07 0.07 0.07 0.07 0.07 0.06 0.06 0.06 0.06 0.06
Cumulative Proportion 0.09 0.17 0.24 0.30 0.37 0.44 0.50 0.57 0.64 0.70 0.77 0.83 0.88 0.94 1.00

Mean item complexity =  3.5
Test of the hypothesis that 15 components are sufficient.

The root mean square of the residuals (RMSR) is  0.03 
 with the empirical chi square  64149.09  with prob <  0 

Fit based upon off diagonal values = 0.52