

KMO_TEST:

KMO_METRIC: 0.683916103353142
The KMO test yields a DECENT degree of common variance.

BARTLETT_SPHERICITY_TEST:


	Bartlett's test of sphericity

data:  InputData
X-squared = 26615, df = 5050, p-value < 2.2e-16



FACTOR_ANALYSIS_RESULTS:

Principal Components Analysis
Call: principal(r = InputData, nfactors = NumberOfFactors, residuals = FALSE, 
    rotate = "varimax", method = "regression")
Standardized loadings (pattern matrix) based upon correlation matrix
               RC1   RC2   RC4   RC3   RC5    h2   u2 com
play         -0.09 -0.01  0.00  0.09  0.34 0.129 0.87 1.3
video        -0.12 -0.05  0.04 -0.06  0.43 0.210 0.79 1.3
phone        -0.04 -0.01 -0.04  0.23  0.14 0.077 0.92 1.9
wait          0.24 -0.02 -0.06  0.13 -0.05 0.084 0.92 1.8
call         -0.05 -0.08  0.09  0.34  0.04 0.135 0.87 1.3
move          0.01  0.08  0.00  0.22 -0.06 0.056 0.94 1.4
quick         0.15  0.11  0.00  0.04 -0.07 0.041 0.96 2.4
answer       -0.02  0.24 -0.03  0.19 -0.08 0.103 0.90 2.2
work          0.07 -0.04  0.44  0.19 -0.11 0.243 0.76 1.6
room          0.11  0.05 -0.04  0.01  0.25 0.080 0.92 1.5
study         0.16  0.22  0.23  0.01 -0.04 0.129 0.87 2.9
interest     -0.08  0.19 -0.01  0.11  0.09 0.064 0.94 2.6
told          0.07 -0.01 -0.07  0.39 -0.03 0.164 0.84 1.1
place         0.07 -0.10  0.03  0.18  0.01 0.047 0.95 2.0
bore         -0.10  0.17  0.04 -0.07  0.16 0.069 0.93 3.1
worry         0.05  0.10  0.15  0.04 -0.02 0.037 0.96 2.2
realize       0.07  0.10  0.10  0.12 -0.04 0.042 0.96 3.9
talk          0.02  0.07 -0.16  0.41  0.13 0.213 0.79 1.6
thought       0.05  0.04  0.12  0.19 -0.01 0.053 0.95 2.0
night         0.16  0.08  0.22  0.03  0.05 0.084 0.92 2.4
minute        0.15  0.16  0.03  0.09  0.00 0.057 0.94 2.7
conversation -0.01 -0.03 -0.05  0.35  0.06 0.128 0.87 1.1
long          0.13  0.02  0.11  0.11  0.05 0.044 0.96 3.4
job          -0.06 -0.05  0.11  0.23 -0.09 0.079 0.92 2.1
finish        0.22  0.04  0.29 -0.05  0.15 0.157 0.84 2.5
walk          0.26  0.03 -0.09  0.12 -0.03 0.091 0.91 1.7
ready         0.22  0.06  0.05  0.00  0.01 0.055 0.95 1.3
today         0.22  0.08  0.21  0.13 -0.03 0.115 0.88 3.0
friend        0.11  0.00  0.00  0.32  0.22 0.161 0.84 2.0
excite        0.11  0.00 -0.11  0.22  0.19 0.106 0.89 3.0
start         0.18  0.13  0.22  0.23  0.12 0.164 0.84 4.1
write        -0.08  0.20  0.13  0.04 -0.07 0.073 0.93 2.6
email        -0.01  0.03  0.01  0.12 -0.11 0.029 0.97 2.1
lab           0.23 -0.04  0.12  0.18 -0.17 0.127 0.87 3.4
day           0.28  0.09  0.25  0.19  0.10 0.192 0.81 3.3
group        -0.04  0.07  0.00  0.19  0.03 0.045 0.96 1.4
focus         0.01  0.13  0.24 -0.05  0.00 0.077 0.92 1.6
meet          0.07 -0.03  0.04  0.39 -0.08 0.164 0.84 1.2
lunch         0.42 -0.13 -0.01  0.03  0.12 0.204 0.80 1.4
show         -0.03  0.02  0.02  0.11  0.33 0.121 0.88 1.3
sleep         0.16  0.04  0.31 -0.15 -0.01 0.147 0.85 2.0
relieve       0.05  0.07  0.12  0.07  0.11 0.039 0.96 3.7
early         0.28  0.11  0.09  0.03  0.02 0.101 0.90 1.6
people        0.09  0.05  0.07  0.23 -0.01 0.070 0.93 1.6
decide        0.17 -0.06  0.11  0.08  0.19 0.089 0.91 3.2
plan          0.10 -0.05  0.10  0.30  0.05 0.113 0.89 1.6
annoy         0.00  0.05  0.01  0.17 -0.19 0.067 0.93 2.1
relax         0.14 -0.01  0.12 -0.11  0.47 0.268 0.73 1.4
week          0.12  0.17  0.11  0.20  0.02 0.097 0.90 3.3
alone         0.05 -0.12  0.40 -0.10  0.12 0.199 0.80 1.6
homework      0.05  0.10  0.22 -0.08  0.09 0.078 0.92 2.3
close         0.09  0.04  0.00  0.16  0.04 0.038 0.96 1.8
breakfast     0.44 -0.11  0.00 -0.10  0.06 0.220 0.78 1.3
end           0.10  0.17  0.05  0.15  0.01 0.063 0.94 2.9
great         0.00  0.03  0.06  0.19  0.12 0.054 0.95 2.0
professor    -0.03  0.65 -0.07 -0.02  0.02 0.427 0.57 1.0
frustrate    -0.05  0.02  0.15  0.13 -0.23 0.097 0.90 2.5
office        0.02  0.03  0.01  0.24 -0.16 0.087 0.91 1.8
happy         0.14 -0.07 -0.02  0.27  0.32 0.199 0.80 2.5
discuss      -0.08  0.05  0.01  0.29 -0.02 0.092 0.91 1.2
stress        0.10  0.15  0.18  0.00 -0.03 0.066 0.93 2.6
assignment    0.04 -0.03  0.45 -0.03 -0.01 0.209 0.79 1.0
lecture       0.04  0.52 -0.04 -0.10  0.02 0.286 0.71 1.1
question     -0.04  0.34  0.06  0.15 -0.12 0.157 0.84 1.7
hour          0.19  0.18  0.07  0.07 -0.01 0.079 0.92 2.6
left          0.20  0.02  0.04  0.14 -0.06 0.064 0.94 2.0
problem      -0.05  0.16  0.23  0.00 -0.09 0.087 0.91 2.3
learn        -0.05  0.22  0.01  0.01 -0.03 0.054 0.95 1.2
class         0.10  0.63 -0.05 -0.11  0.12 0.441 0.56 1.2
enjoy         0.13  0.06 -0.07  0.07  0.28 0.109 0.89 1.9
paper        -0.07  0.08  0.17  0.04 -0.06 0.045 0.96 2.2
due           0.03  0.08  0.35  0.01  0.01 0.129 0.87 1.1
nervous       0.03  0.24  0.06  0.05 -0.03 0.069 0.93 1.3
listen        0.00  0.23 -0.07  0.00  0.06 0.062 0.94 1.3
mood          0.10  0.09  0.01  0.06  0.10 0.031 0.97 3.7
nice          0.17  0.03 -0.08  0.22  0.13 0.097 0.90 2.9
tire          0.13  0.07  0.16 -0.19  0.05 0.090 0.91 3.3
food          0.50 -0.14 -0.07 -0.05  0.05 0.282 0.72 1.3
leave         0.17  0.01 -0.02  0.13 -0.06 0.051 0.95 2.1
read         -0.02  0.16  0.03  0.04  0.03 0.029 0.97 1.3
text          0.06  0.07 -0.06  0.15  0.12 0.050 0.95 3.1
morning       0.36  0.04  0.12  0.02  0.00 0.145 0.85 1.3
prepare       0.22  0.18  0.10  0.00 -0.03 0.094 0.91 2.4
eat           0.59 -0.14 -0.08 -0.10  0.15 0.405 0.60 1.4
watch        -0.10 -0.08  0.03 -0.09  0.58 0.362 0.64 1.2
note          0.03  0.40  0.01 -0.08 -0.01 0.170 0.83 1.1
emotion      -0.09 -0.01  0.23  0.00  0.20 0.101 0.90 2.3
roommate      0.07 -0.10 -0.04  0.11  0.20 0.067 0.93 2.5
student       0.01  0.16  0.07  0.17 -0.14 0.079 0.92 3.4
hard          0.03  0.20  0.17  0.02  0.03 0.071 0.93 2.1
train         0.10 -0.08 -0.02  0.18 -0.19 0.085 0.91 3.0
hungry        0.51 -0.14  0.06 -0.17  0.01 0.310 0.69 1.4
continue     -0.05  0.03  0.09  0.09  0.16 0.046 0.95 2.6
library       0.02 -0.11  0.46 -0.01 -0.05 0.231 0.77 1.1
weekend       0.13  0.06  0.04  0.15  0.12 0.059 0.94 3.4
mind         -0.07 -0.07  0.37  0.03  0.07 0.150 0.85 1.2
calm          0.03  0.01  0.16 -0.05  0.20 0.069 0.93 2.1
exam          0.09  0.34  0.08 -0.07  0.00 0.134 0.87 1.4
complete     -0.01 -0.05  0.44  0.14  0.04 0.220 0.78 1.2
break.        0.17  0.04  0.03  0.05  0.17 0.062 0.94 2.4
project      -0.15 -0.09  0.30  0.18 -0.02 0.156 0.84 2.4

                       RC1  RC2  RC4  RC3  RC5
SS loadings           2.66 2.54 2.50 2.49 2.12
Proportion Var        0.03 0.03 0.02 0.02 0.02
Cumulative Var        0.03 0.05 0.08 0.10 0.12
Proportion Explained  0.22 0.21 0.20 0.20 0.17
Cumulative Proportion 0.22 0.42 0.63 0.83 1.00

Mean item complexity =  2.1
Test of the hypothesis that 5 components are sufficient.

The root mean square of the residuals (RMSR) is  0.03 
 with the empirical chi square  39181.8  with prob <  0 

Fit based upon off diagonal values = 0.47