

KMO_TEST:

KMO_METRIC: 0.702963297282004
The KMO test yields a GOOD degree of common variance.

BARTLETT_SPHERICITY_TEST:


	Bartlett's test of sphericity

data:  InputData
X-squared = 29239, df = 5050, p-value < 2.2e-16



FACTOR_ANALYSIS_RESULTS:

Principal Components Analysis
Call: principal(r = InputData, nfactors = NumberOfFactors, residuals = FALSE, 
    rotate = "varimax", method = "regression")
Standardized loadings (pattern matrix) based upon correlation matrix
               RC2   RC6  RC12   RC1   RC3   RC4   RC5   RC8  RC14   RC9  RC15   RC7  RC13  RC10  RC11   h2   u2 com
place        -0.13  0.08  0.03  0.04  0.14 -0.01  0.08  0.01 -0.04 -0.02  0.23 -0.01  0.04  0.02  0.09 0.12 0.88 3.9
relieve       0.00 -0.02  0.04  0.07  0.01  0.07  0.05  0.00  0.15  0.13 -0.02  0.23 -0.05  0.00 -0.04 0.11 0.89 3.3
frustrate    -0.04 -0.03  0.01  0.05  0.04  0.01 -0.02 -0.01  0.12  0.11  0.09 -0.02  0.00 -0.03  0.47 0.27 0.73 1.4
long         -0.01  0.09 -0.04  0.04  0.04 -0.05  0.10  0.12  0.14  0.10  0.08  0.23  0.00  0.03  0.05 0.13 0.87 4.7
happy        -0.03  0.09 -0.07  0.03  0.34  0.08  0.05 -0.09  0.02  0.16  0.03  0.17  0.18 -0.01 -0.29 0.32 0.68 4.4
work         -0.17  0.02  0.00 -0.06 -0.11  0.11 -0.07  0.08  0.13  0.25  0.12  0.27  0.23  0.26  0.18 0.39 0.61 7.8
email        -0.06 -0.01 -0.06  0.01 -0.04  0.01 -0.06 -0.05  0.35 -0.02 -0.07  0.05  0.05  0.21 -0.07 0.20 0.80 2.3
lunch         0.02  0.54 -0.05  0.02 -0.01  0.09  0.00 -0.10  0.03 -0.03  0.08  0.20  0.07 -0.09  0.03 0.38 0.62 1.6
class         0.58 -0.03  0.23  0.20 -0.01 -0.08  0.02  0.05 -0.01  0.06 -0.05  0.08 -0.06  0.03 -0.07 0.46 0.54 1.8
call         -0.09 -0.02 -0.03  0.06  0.26  0.23  0.06 -0.03  0.32 -0.06 -0.03  0.08 -0.15  0.00  0.05 0.28 0.72 4.1
question      0.23 -0.05  0.18  0.01  0.02  0.05  0.01 -0.14  0.43  0.09  0.03 -0.06  0.10 -0.07  0.16 0.35 0.65 3.1
move          0.01 -0.05  0.02  0.19  0.03  0.00  0.11 -0.06  0.06 -0.09  0.15 -0.01  0.13  0.07  0.17 0.14 0.86 6.1
answer        0.16 -0.03  0.03  0.14  0.04  0.09  0.05 -0.17  0.52 -0.01 -0.06 -0.05  0.05 -0.07  0.12 0.39 0.61 2.0
discuss       0.06 -0.01  0.06 -0.08  0.11  0.00  0.02 -0.02  0.02 -0.08  0.48  0.03 -0.02 -0.04 -0.02 0.26 0.74 1.3
study         0.02  0.04  0.45  0.02  0.07  0.01 -0.04  0.06 -0.01  0.32 -0.01 -0.02  0.09 -0.02  0.06 0.34 0.66 2.1
enjoy         0.10  0.19 -0.03 -0.04  0.18 -0.02  0.24  0.00  0.10  0.05  0.00 -0.04  0.08  0.09 -0.18 0.20 0.80 5.7
thought      -0.02  0.04  0.01  0.10  0.15  0.09  0.02  0.10 -0.03 -0.11  0.02  0.08 -0.03  0.32  0.19 0.21 0.79 3.5
learn         0.24 -0.01  0.11 -0.07  0.02 -0.04  0.04  0.04 -0.05  0.01  0.21 -0.15  0.10  0.02  0.10 0.17 0.83 4.7
prepare       0.03  0.15  0.39  0.15 -0.10  0.13  0.00 -0.07  0.04 -0.02  0.14 -0.03  0.00  0.02 -0.06 0.25 0.75 2.7
plan         -0.10 -0.05  0.06  0.13  0.12  0.10 -0.10  0.04 -0.02  0.01  0.28  0.25  0.01 -0.05 -0.17 0.24 0.76 5.0
complete     -0.03  0.01 -0.05  0.07 -0.09  0.36  0.07  0.12  0.10  0.11  0.21  0.12 -0.01  0.03  0.16 0.27 0.73 3.6
train        -0.17 -0.07 -0.04  0.20  0.01 -0.07 -0.04  0.12  0.09 -0.12  0.05 -0.14  0.31  0.05  0.05 0.24 0.76 4.6
day          -0.02  0.05  0.08  0.25  0.04  0.15  0.04  0.24  0.20  0.10  0.03  0.17  0.20  0.06 -0.15 0.30 0.70 7.3
start         0.05  0.03  0.12  0.28  0.03  0.16  0.10  0.03 -0.05  0.10  0.20  0.05  0.14  0.15 -0.04 0.24 0.76 5.5
conversation -0.02  0.03 -0.03 -0.12  0.40  0.04 -0.04 -0.04  0.12 -0.03  0.09  0.04  0.10 -0.01  0.01 0.22 0.78 1.8
friend        0.00  0.03  0.08  0.11  0.48  0.01 -0.01  0.04 -0.15  0.15  0.19  0.16 -0.19 -0.10 -0.09 0.41 0.59 2.9
weekend      -0.02 -0.06  0.09  0.03  0.07 -0.07 -0.02  0.09 -0.08  0.00  0.08  0.41  0.15 -0.01 -0.11 0.25 0.75 2.1
excite        0.08  0.06 -0.11  0.08  0.15 -0.09  0.00  0.03  0.03  0.06  0.20  0.21  0.00  0.00 -0.34 0.26 0.74 3.9
watch        -0.07  0.03 -0.02 -0.07 -0.04  0.00  0.78  0.02 -0.06  0.04 -0.04  0.03 -0.03 -0.05 -0.01 0.64 0.36 1.1
job          -0.11 -0.02  0.02 -0.07  0.07  0.06  0.03  0.11  0.25 -0.07  0.22  0.03 -0.06  0.05  0.06 0.17 0.83 4.3
nervous       0.04 -0.05  0.37  0.10 -0.02  0.04 -0.01 -0.04  0.17 -0.03  0.09  0.08 -0.15  0.07 -0.14 0.25 0.75 2.9
show         -0.05  0.01  0.04  0.04  0.04 -0.03  0.53  0.09  0.09 -0.03  0.11 -0.05 -0.02  0.04 -0.05 0.32 0.68 1.3
stress       -0.09 -0.01  0.43 -0.05  0.07  0.06 -0.03  0.12  0.03  0.01 -0.07  0.17  0.05  0.07  0.09 0.27 0.73 2.0
meet         -0.08 -0.02  0.05  0.16  0.04 -0.01 -0.05 -0.08  0.13  0.05  0.47  0.03  0.11 -0.06 -0.17 0.33 0.67 2.1
left          0.00  0.01 -0.06  0.43  0.04  0.04 -0.11  0.01 -0.01  0.09 -0.04  0.03 -0.01  0.00  0.01 0.22 0.78 1.3
student       0.11  0.02  0.00  0.04  0.06  0.01 -0.02  0.04  0.22  0.07  0.24 -0.11 -0.01  0.06  0.09 0.15 0.85 3.9
read          0.06  0.00  0.05  0.10  0.11  0.03  0.06 -0.04 -0.03  0.01 -0.02 -0.24  0.00  0.47 -0.08 0.32 0.68 2.0
due          -0.05 -0.07  0.09  0.04  0.00  0.03  0.03  0.08  0.04  0.47  0.05  0.01  0.00  0.17  0.01 0.28 0.72 1.6
office       -0.06 -0.03 -0.02 -0.02  0.05 -0.07 -0.01  0.06  0.42 -0.01  0.07  0.03  0.15 -0.04  0.03 0.22 0.78 1.6
breakfast    -0.06  0.46  0.06  0.13 -0.01  0.03  0.03  0.09 -0.05  0.01 -0.06 -0.02  0.03  0.04 -0.05 0.26 0.74 1.5
leave         0.04 -0.01 -0.10  0.41  0.00 -0.03 -0.02  0.03 -0.05  0.05  0.08 -0.04  0.06 -0.06  0.04 0.20 0.80 1.5
paper        -0.02 -0.02 -0.03 -0.01 -0.10  0.02 -0.08 -0.13  0.07  0.12  0.02  0.12 -0.05  0.51 -0.07 0.33 0.67 1.7
today         0.05  0.08  0.01  0.16 -0.05  0.07  0.01  0.19  0.07  0.06  0.14  0.01  0.29  0.07  0.06 0.20 0.80 4.2
lab          -0.11  0.04  0.00  0.10  0.04 -0.05 -0.10  0.17  0.11  0.10  0.05 -0.04  0.46  0.04  0.06 0.30 0.70 2.0
phone         0.00 -0.01 -0.09  0.09  0.29  0.12  0.12 -0.07  0.20 -0.09 -0.21  0.11 -0.08  0.03  0.12 0.26 0.74 5.9
close        -0.02  0.02  0.04  0.17  0.29 -0.03  0.01  0.08 -0.01  0.07  0.00 -0.01 -0.17  0.03  0.07 0.16 0.84 3.0
room          0.04 -0.03  0.02  0.29  0.05  0.05  0.11 -0.17 -0.24  0.10 -0.12  0.05  0.18  0.03 -0.09 0.26 0.74 5.2
break.        0.04  0.19  0.05 -0.08  0.10 -0.03  0.04 -0.05 -0.03  0.09 -0.06  0.34  0.02  0.00  0.07 0.19 0.81 2.5
eat          -0.03  0.72  0.03  0.03  0.05 -0.04  0.05 -0.03 -0.05  0.05 -0.03  0.07  0.03 -0.02 -0.03 0.55 0.45 1.1
decide       -0.01  0.11 -0.07  0.21  0.02  0.12  0.09  0.04 -0.10  0.04  0.02  0.25 -0.02  0.02  0.00 0.16 0.84 4.2
project      -0.01 -0.07 -0.16 -0.05 -0.25  0.25 -0.01 -0.08  0.02  0.02  0.33  0.18  0.10  0.10  0.06 0.33 0.67 5.0
morning      -0.05  0.14  0.09  0.14  0.08 -0.05  0.02  0.35  0.08  0.11 -0.11 -0.03  0.31  0.02 -0.03 0.31 0.69 3.8
told         -0.07 -0.09  0.02  0.19  0.33  0.01 -0.04  0.06  0.09 -0.16  0.09  0.03  0.10  0.07  0.03 0.22 0.78 3.5
people       -0.01  0.09 -0.05  0.05  0.29 -0.09  0.10  0.04  0.06  0.24  0.17 -0.19  0.11  0.17  0.17 0.31 0.69 6.7
continue     -0.01 -0.05  0.03 -0.02  0.17  0.19  0.19  0.02  0.10  0.03 -0.06 -0.12  0.08  0.05 -0.01 0.14 0.86 5.3
week          0.06 -0.05  0.11  0.03  0.06 -0.04 -0.02  0.14  0.17  0.06  0.08  0.34  0.16  0.04 -0.05 0.23 0.77 3.3
annoy         0.03 -0.02 -0.12  0.07  0.04 -0.10  0.00 -0.02  0.08 -0.01  0.06  0.06  0.17 -0.03  0.48 0.31 0.69 1.7
note          0.30 -0.02  0.27  0.01 -0.05 -0.03  0.01  0.02 -0.02 -0.07  0.00 -0.02  0.01  0.20 -0.02 0.22 0.78 3.1
wait         -0.03  0.15 -0.06  0.31  0.01 -0.07 -0.01  0.07  0.11 -0.06  0.08  0.06 -0.06 -0.01 -0.02 0.16 0.84 2.6
alone        -0.04  0.08  0.01  0.11 -0.03  0.59 -0.02  0.07 -0.05  0.09 -0.06 -0.10 -0.04  0.01 -0.05 0.40 0.60 1.3
hour          0.09  0.10  0.07  0.16  0.03 -0.09  0.07  0.14  0.22  0.11  0.02  0.12 -0.10  0.04  0.05 0.17 0.83 7.0
interest      0.21  0.00 -0.06 -0.10  0.16  0.02  0.12  0.13  0.00 -0.13  0.18 -0.11  0.05  0.33 -0.04 0.29 0.71 5.0
focus         0.13  0.04  0.04 -0.10 -0.02  0.14 -0.06  0.04 -0.06  0.16  0.04 -0.05  0.11  0.29  0.02 0.18 0.82 4.0
early         0.06  0.06  0.01  0.31  0.03  0.03  0.03  0.31  0.10  0.03 -0.09 -0.03  0.10  0.00 -0.06 0.24 0.76 3.0
worry        -0.03 -0.02  0.27 -0.02 -0.01  0.12 -0.06  0.08 -0.07 -0.15  0.05  0.24  0.09  0.03  0.15 0.21 0.79 4.8
minute        0.07  0.06  0.09  0.34 -0.02  0.04  0.13 -0.02  0.05 -0.10  0.00  0.03 -0.02  0.11  0.20 0.22 0.78 3.0
mind         -0.02  0.03  0.04 -0.06  0.01  0.53 -0.03  0.03  0.04 -0.03  0.03  0.05 -0.04  0.07  0.07 0.30 0.70 1.2
talk          0.10  0.00  0.01 -0.06  0.58 -0.02 -0.04 -0.04 -0.02 -0.03  0.11  0.05  0.11 -0.03  0.02 0.38 0.62 1.3
realize       0.00  0.01  0.05  0.21  0.02 -0.03 -0.02  0.02 -0.09 -0.01  0.04  0.23 -0.06  0.22  0.24 0.22 0.78 4.7
ready         0.01  0.05  0.10  0.23 -0.16 -0.03  0.04  0.07 -0.03  0.00  0.08  0.04  0.16 -0.01 -0.10 0.14 0.86 4.5
quick         0.01  0.01  0.09  0.27  0.03 -0.05 -0.07 -0.01 -0.01 -0.02 -0.12  0.17 -0.01  0.06  0.18 0.17 0.83 3.8
play          0.09 -0.09 -0.17  0.13  0.09  0.08  0.27 -0.14 -0.05  0.18  0.00  0.03  0.06 -0.05 -0.08 0.22 0.78 5.8
end           0.14  0.03  0.01  0.21  0.01  0.02  0.02  0.02  0.12  0.00  0.10  0.15 -0.07  0.00  0.05 0.12 0.88 4.6
text          0.04 -0.03 -0.03  0.10  0.24 -0.04  0.02  0.14 -0.06 -0.14 -0.04  0.24 -0.08  0.08  0.02 0.18 0.82 4.7
nice          0.02  0.12  0.05  0.03  0.15 -0.02  0.02 -0.19  0.01  0.01  0.04  0.16  0.31  0.00 -0.04 0.21 0.79 3.5
write         0.06 -0.04  0.04 -0.01 -0.07 -0.07 -0.04 -0.07  0.08  0.09 -0.03  0.08 -0.06  0.54  0.01 0.34 0.66 1.4
tire          0.08  0.02  0.02 -0.03 -0.11  0.02  0.06  0.49 -0.01 -0.06 -0.12  0.15 -0.03 -0.03 -0.04 0.31 0.69 1.6
finish        0.05  0.17 -0.02  0.07 -0.07  0.10  0.08  0.01  0.09  0.45 -0.05  0.10  0.07  0.04 -0.07 0.29 0.71 2.0
walk         -0.07  0.06  0.13  0.40  0.06 -0.02 -0.04 -0.05  0.03 -0.05 -0.05 -0.04  0.06 -0.04 -0.04 0.21 0.79 1.7
group         0.10 -0.02 -0.06  0.04  0.05 -0.04  0.03 -0.13 -0.12  0.04  0.33  0.10  0.02  0.07  0.10 0.19 0.81 2.7
emotion       0.06 -0.02  0.03 -0.06  0.09  0.48  0.07  0.01  0.01 -0.03 -0.01 -0.02  0.06 -0.06 -0.04 0.27 0.73 1.3
problem       0.12 -0.03  0.10 -0.03  0.08  0.14 -0.08  0.02  0.02  0.20 -0.04 -0.03 -0.05 -0.04  0.35 0.22 0.78 3.0
hard          0.09 -0.01  0.17 -0.07  0.10  0.08  0.00  0.16 -0.08 -0.01 -0.04  0.06  0.13  0.20  0.15 0.17 0.83 7.6
mood          0.12  0.01  0.02 -0.03  0.01  0.04  0.02  0.00 -0.05 -0.03  0.01  0.11  0.46 -0.09  0.04 0.26 0.74 1.5
night         0.05 -0.01  0.05  0.03  0.11  0.03  0.03  0.48 -0.03  0.08  0.06  0.09  0.05 -0.02  0.00 0.27 0.73 1.4
lecture       0.62  0.01  0.03  0.02 -0.01 -0.02 -0.05  0.10  0.02  0.02  0.02 -0.03 -0.03  0.05  0.01 0.40 0.60 1.1
video         0.00  0.00 -0.07 -0.05 -0.07  0.03  0.59  0.02 -0.05  0.01  0.00  0.09 -0.06 -0.06  0.06 0.38 0.62 1.2
listen        0.38  0.02 -0.13 -0.11  0.12  0.04 -0.09  0.03  0.00 -0.02 -0.06  0.01  0.12  0.05 -0.02 0.22 0.78 2.2
calm         -0.04  0.00  0.14  0.03  0.01  0.31  0.07 -0.07 -0.05 -0.03 -0.19  0.06  0.13  0.18 -0.12 0.23 0.77 4.6
bore          0.36 -0.07 -0.22  0.02 -0.08  0.15  0.05  0.06 -0.11 -0.08  0.00  0.13  0.03 -0.05  0.07 0.26 0.74 3.4
sleep         0.08  0.02 -0.03  0.00 -0.05  0.13  0.00  0.57 -0.05  0.09  0.00 -0.01  0.05 -0.08  0.04 0.37 0.63 1.3
material      0.32 -0.02  0.44 -0.04 -0.08 -0.02  0.01  0.03  0.00  0.00  0.04 -0.06  0.07  0.03  0.06 0.32 0.68 2.1
food         -0.03  0.60  0.01  0.03  0.06 -0.01 -0.03  0.03 -0.03 -0.04  0.00 -0.02  0.05  0.02 -0.03 0.38 0.62 1.1
professor     0.67 -0.05  0.13  0.06 -0.01 -0.05  0.00 -0.02  0.15  0.02  0.05  0.00 -0.07  0.04  0.02 0.50 0.50 1.3
hungry        0.01  0.66 -0.04  0.05 -0.07  0.06 -0.02  0.11  0.02  0.07  0.02 -0.08 -0.05  0.00  0.01 0.48 0.52 1.2
relax        -0.01  0.08  0.09  0.02 -0.01  0.20  0.31 -0.04 -0.12  0.11 -0.23  0.22  0.23 -0.08 -0.18 0.37 0.63 6.9
homework      0.04 -0.04  0.04 -0.06  0.03 -0.11  0.02  0.01 -0.08  0.53 -0.11  0.17  0.04 -0.02  0.13 0.37 0.63 1.7
roommate     -0.02  0.03 -0.05  0.13  0.22  0.10  0.08 -0.10 -0.29 -0.03  0.02  0.03  0.09 -0.03  0.07 0.19 0.81 3.9
library      -0.05  0.06 -0.01  0.01 -0.02  0.42 -0.15  0.16 -0.05  0.31  0.15 -0.11 -0.15 -0.04  0.03 0.39 0.61 3.6
exam          0.10 -0.03  0.63 -0.02  0.01 -0.04  0.00 -0.02 -0.04  0.09 -0.02  0.05 -0.01 -0.09  0.00 0.44 0.56 1.2
assignment   -0.05  0.02  0.01  0.00 -0.06  0.17 -0.03  0.24 -0.11  0.35  0.20  0.02 -0.18  0.03  0.10 0.31 0.69 4.4

                       RC2  RC6 RC12  RC1  RC3  RC4  RC5  RC8 RC14  RC9 RC15  RC7 RC13 RC10 RC11
SS loadings           2.20 2.19 1.97 1.95 1.91 1.91 1.80 1.77 1.75 1.74 1.72 1.71 1.64 1.62 1.58
Proportion Var        0.02 0.02 0.02 0.02 0.02 0.02 0.02 0.02 0.02 0.02 0.02 0.02 0.02 0.02 0.02
Cumulative Var        0.02 0.04 0.06 0.08 0.10 0.12 0.14 0.16 0.17 0.19 0.21 0.22 0.24 0.26 0.27
Proportion Explained  0.08 0.08 0.07 0.07 0.07 0.07 0.07 0.06 0.06 0.06 0.06 0.06 0.06 0.06 0.06
Cumulative Proportion 0.08 0.16 0.23 0.30 0.37 0.44 0.51 0.57 0.64 0.70 0.76 0.82 0.88 0.94 1.00

Mean item complexity =  3.2
Test of the hypothesis that 15 components are sufficient.

The root mean square of the residuals (RMSR) is  0.03 
 with the empirical chi square  46285.57  with prob <  0 

Fit based upon off diagonal values = 0.46