

KMO_TEST:

KMO_METRIC: 0.687757745981325
The KMO test yields a DECENT degree of common variance.

BARTLETT_SPHERICITY_TEST:


	Bartlett's test of sphericity

data:  InputData
X-squared = 26127, df = 4950, p-value < 2.2e-16



FACTOR_ANALYSIS_RESULTS:

Principal Components Analysis
Call: principal(r = InputData, nfactors = NumberOfFactors, residuals = FALSE, 
    rotate = "varimax", method = "regression")
Standardized loadings (pattern matrix) based upon correlation matrix
               RC2   RC1   RC4   RC3   RC5    h2   u2 com
study         0.27  0.19  0.22 -0.02 -0.07 0.164 0.84 3.0
enjoy         0.05  0.15 -0.06  0.04  0.29 0.116 0.88 1.7
thought       0.04  0.03  0.12  0.19  0.02 0.054 0.95 1.9
work         -0.05  0.08  0.43  0.21 -0.11 0.245 0.75 1.7
happy        -0.10  0.17 -0.03  0.23  0.31 0.191 0.81 2.7
learn         0.24 -0.05  0.00  0.03 -0.03 0.061 0.94 1.2
prepare       0.21  0.20  0.11  0.00 -0.04 0.096 0.90 2.6
plan         -0.06  0.11  0.08  0.26  0.04 0.092 0.91 1.8
complete     -0.05 -0.02  0.43  0.14  0.06 0.215 0.78 1.3
train        -0.09  0.09 -0.01  0.24 -0.16 0.098 0.90 2.4
day           0.08  0.28  0.24  0.21  0.10 0.197 0.80 3.3
question      0.33 -0.08  0.05  0.18 -0.07 0.158 0.84 1.8
move          0.06  0.00  0.00  0.25  0.01 0.068 0.93 1.1
answer        0.21 -0.06 -0.02  0.24 -0.02 0.103 0.90 2.1
discuss       0.06 -0.07 -0.01  0.25  0.01 0.069 0.93 1.3
watch        -0.08 -0.07  0.04 -0.15  0.60 0.396 0.60 1.2
frustrate     0.02 -0.08  0.16  0.19 -0.18 0.101 0.90 3.3
job          -0.05 -0.08  0.12  0.22 -0.05 0.074 0.93 2.0
nervous       0.26  0.03  0.04  0.06 -0.03 0.073 0.93 1.2
call         -0.08 -0.07  0.08  0.28  0.11 0.107 0.89 1.8
start         0.13  0.17  0.21  0.21  0.13 0.151 0.85 4.3
conversation -0.05  0.00 -0.07  0.31  0.09 0.115 0.89 1.4
friend        0.00  0.13 -0.02  0.26  0.22 0.133 0.87 2.5
weekend       0.05  0.15  0.03  0.16  0.11 0.064 0.94 3.1
excite       -0.01  0.15 -0.12  0.17  0.18 0.098 0.90 3.7
show          0.02 -0.02  0.02  0.07  0.36 0.132 0.87 1.1
stress        0.17  0.11  0.17  0.02 -0.06 0.075 0.93 3.0
meet         -0.03  0.08  0.02  0.35 -0.05 0.130 0.87 1.2
breakfast    -0.08  0.45  0.02 -0.12  0.04 0.224 0.78 1.2
left          0.01  0.19  0.04  0.15 -0.04 0.062 0.94 2.1
student       0.13 -0.02  0.08  0.20 -0.09 0.075 0.93 2.6
relieve       0.05  0.05  0.12  0.09  0.10 0.038 0.96 3.6
email        -0.01 -0.02  0.03  0.14 -0.09 0.029 0.97 1.7
read          0.15 -0.02  0.03  0.07  0.04 0.029 0.97 1.8
due           0.08  0.03  0.34  0.05  0.01 0.127 0.87 1.2
leave         0.02  0.15 -0.01  0.15 -0.03 0.046 0.95 2.1
paper         0.05 -0.06  0.15  0.09 -0.06 0.042 0.96 2.7
room          0.05  0.12 -0.04  0.01  0.24 0.075 0.92 1.7
today         0.08  0.21  0.21  0.16 -0.03 0.120 0.88 3.2
lab          -0.04  0.21  0.13  0.23 -0.15 0.139 0.86 3.4
phone        -0.02 -0.05 -0.04  0.20  0.21 0.085 0.91 2.2
close         0.03  0.08 -0.01  0.17  0.05 0.040 0.96 1.7
break.        0.04  0.19  0.02  0.03  0.15 0.062 0.94 2.1
eat          -0.12  0.61 -0.07 -0.13  0.11 0.418 0.58 1.3
lunch        -0.11  0.42  0.00  0.02  0.09 0.201 0.80 1.2
morning       0.05  0.35  0.13  0.05 -0.01 0.148 0.85 1.4
told         -0.01  0.04 -0.07  0.39  0.01 0.160 0.84 1.1
people        0.02  0.07  0.07  0.27  0.03 0.086 0.91 1.3
decide       -0.06  0.19  0.12  0.07  0.18 0.092 0.91 3.3
long          0.01  0.12  0.10  0.14  0.08 0.052 0.95 3.4
project      -0.10 -0.15  0.29  0.13 -0.01 0.132 0.87 2.3
wait         -0.04  0.23 -0.06  0.15 -0.04 0.085 0.92 2.1
alone        -0.11  0.04  0.42 -0.12  0.13 0.218 0.78 1.5
place        -0.10  0.07  0.03  0.19  0.03 0.051 0.95 1.9
hour          0.17  0.17  0.07  0.10  0.01 0.074 0.93 3.0
continue      0.02 -0.07  0.10  0.08  0.19 0.059 0.94 2.2
week          0.17  0.12  0.10  0.23  0.03 0.106 0.89 3.0
annoy         0.02 -0.04  0.01  0.25 -0.14 0.084 0.92 1.7
note          0.41  0.02  0.00 -0.06 -0.01 0.175 0.82 1.0
early         0.10  0.26  0.10  0.07  0.03 0.097 0.90 1.8
worry         0.10  0.06  0.14  0.06 -0.05 0.040 0.96 2.9
minute        0.15  0.12  0.04  0.15  0.03 0.060 0.94 3.1
mind         -0.06 -0.08  0.38  0.01  0.09 0.159 0.84 1.3
interest      0.17 -0.09  0.01  0.14  0.12 0.073 0.93 3.4
focus         0.14  0.01  0.24 -0.02 -0.01 0.079 0.92 1.6
talk          0.06  0.02 -0.18  0.37  0.16 0.198 0.80 2.0
end           0.15  0.09  0.05  0.17  0.04 0.063 0.94 2.8
tire          0.08  0.13  0.17 -0.17  0.04 0.082 0.92 3.4
write         0.18 -0.07  0.11  0.07 -0.08 0.064 0.94 2.8
play         -0.02 -0.07  0.01  0.07  0.35 0.136 0.86 1.2
text          0.05  0.06 -0.07  0.17  0.13 0.057 0.94 2.9
nice          0.03  0.19 -0.10  0.18  0.13 0.095 0.90 3.3
ready         0.07  0.22  0.05  0.01  0.00 0.054 0.95 1.3
finish        0.04  0.21  0.29 -0.04  0.14 0.150 0.85 2.4
walk          0.03  0.24 -0.09  0.13 -0.04 0.086 0.91 1.9
quick         0.10  0.14  0.00  0.11 -0.07 0.046 0.95 3.3
realize       0.09  0.08  0.10  0.16 -0.04 0.051 0.95 3.2
class         0.62  0.09 -0.07 -0.07  0.10 0.417 0.58 1.1
group         0.05 -0.05  0.00  0.21  0.05 0.052 0.95 1.3
hard          0.19  0.03  0.17  0.04  0.02 0.067 0.93 2.1
lecture       0.52  0.00 -0.04 -0.07  0.03 0.279 0.72 1.0
mood          0.09  0.11  0.01  0.08  0.09 0.035 0.97 3.8
emotion      -0.02 -0.09  0.24 -0.02  0.22 0.118 0.88 2.3
problem       0.15 -0.07  0.22  0.02 -0.09 0.088 0.91 2.4
calm          0.02  0.04  0.17 -0.05  0.18 0.066 0.93 2.3
video        -0.05 -0.11  0.06 -0.11  0.45 0.231 0.77 1.3
sleep         0.05  0.13  0.33 -0.11 -0.02 0.140 0.86 1.6
night         0.09  0.15  0.23  0.06  0.05 0.090 0.91 2.5
listen        0.22 -0.02 -0.06  0.01  0.08 0.057 0.94 1.5
bore          0.15 -0.11  0.05 -0.05  0.18 0.069 0.93 3.0
food         -0.11  0.50 -0.07 -0.08  0.01 0.273 0.73 1.2
material      0.49  0.03  0.05 -0.12 -0.07 0.265 0.74 1.2
professor     0.64 -0.05 -0.08  0.00  0.04 0.417 0.58 1.1
relax        -0.02  0.18  0.12 -0.15  0.44 0.267 0.73 1.7
hungry       -0.11  0.51  0.08 -0.18 -0.02 0.311 0.69 1.4
homework      0.10  0.06  0.22 -0.05  0.07 0.067 0.93 2.0
roommate     -0.09  0.06 -0.04  0.09  0.21 0.066 0.93 2.1
library      -0.10  0.01  0.48 -0.06 -0.06 0.245 0.76 1.2
assignment   -0.02  0.05  0.44 -0.02 -0.03 0.202 0.80 1.0
exam          0.40  0.11  0.05 -0.12 -0.04 0.192 0.81 1.4

                       RC2  RC1  RC4  RC3  RC5
SS loadings           2.74 2.69 2.51 2.47 2.10
Proportion Var        0.03 0.03 0.03 0.02 0.02
Cumulative Var        0.03 0.05 0.08 0.10 0.13
Proportion Explained  0.22 0.22 0.20 0.20 0.17
Cumulative Proportion 0.22 0.43 0.63 0.83 1.00

Mean item complexity =  2.1
Test of the hypothesis that 5 components are sufficient.

The root mean square of the residuals (RMSR) is  0.03 
 with the empirical chi square  37284.73  with prob <  0 

Fit based upon off diagonal values = 0.5